1	1	24.2872
1	2	0.357876
1	3	0.0522714
1	4	0.0360534
1	6	0.013498
1	7	0.0099351
1	8	0.0137758
1	9	0.0102064
1	11	0
1	12	0.0142216
1	13	0.0128062
1	14	0.0116858
1	15	0.0159434
1	16	0.0168076
1	17	0.0115112
1	18	0.0141268
1	19	0.00894622
1	20	0.0214598
1	21	0.0148594
1	22	0.0156369
1	23	0.0137956
1	24	0.0166189
1	25	0.0113721
1	26	0.0144437
1	27	0.0088785
1	28	0.013085
1	30	0.01126
1	31	0
1	32	0.0145254
1	33	0.0176766
1	34	0.0135171
1	35	0.0093669
1	36	0.0189756
1	39	0.0169572
1	40	0.00849091
1	41	0.0128364
1	42	0.0126086
1	43	0.0146042
1	44	0.0118154
1	45	0.0175374
1	46	0.0043342
1	47	0.0293296
1	48	0.01758
1	49	0.0235305
1	50	0.0152222
1	51	0.0140575
1	52	0.0129372
1	53	0.0136755
1	54	0.0129157
1	55	0.0199807
1	56	0.0177389
1	57	0.0232552
1	58	0.0160219
1	60	0.015739
1	61	0.0148286
1	62	0
1	63	0.015058
1	64	0.0121657
1	65	0.0140382
1	66	0.0145148
1	67	0.0131306
1	68	0.0145196
1	69	0
1	70	0.0203302
1	71	0.0228597
1	72	0.0144875
1	73	0.00973191
1	74	0.00896663
1	75	0.00754521
1	76	0.0178482
1	77	0.011547
2	2	27.3721
2	3	0.395589
2	4	0.0532895
2	6	0.0137692
2	7	0.0161719
2	8	0.0159155
2	9	0.00952414
2	11	0
2	12	0.0125518
2	13	0.0155196
2	14	0.0150587
2	15	0.0140714
2	16	0.0100826
2	17	0.0160124
2	18	0.0122757
2	19	0.015153
2	20	0.013852
2	21	0.0200563
2	22	0.0193291
2	23	0.0147125
2	24	0.0162286
2	25	0.0233227
2	26	0.0166872
2	27	0.0101969
2	28	0.0174432
2	30	0.0120083
2	31	0
2	32	0.00774538
2	33	0.0141385
2	34	0.0136567
2	35	0.0122093
2	36	0.0122647
2	38	0
2	39	0.0191175
2	40	0.0271656
2	41	0.0176008
2	42	0.0154635
2	43	0.0144211
2	44	0.0177891
2	45	0.0124686
2	46	0.00924448
2	47	0.0202392
2	48	0.0187483
2	49	0.0195177
2	50	0.0126263
2	51	0.0175989
2	52	0.0180422
2	53	0.0129638
2	54	0.0117226
2	55	0.0127852
2	56	0.00840788
2	57	0.0124004
2	58	0.0156009
2	59	0
2	60	0.0122391
2	61	0.0148652
2	62	0
2	63	0.0148999
2	64	0.0172989
2	65	0.0149712
2	66	0.0154794
2	67	0.0120028
2	68	0.0180653
2	69	0
2	70	0.0189711
2	71	0.0121894
2	72	0.0206004
2	73	0.0161446
2	74	0.0119532
2	75	0.0134111
2	76	0.0141398
2	77	0.0155982
3	3	26.9152
3	4	0.435542
3	6	0.0171288
3	7	0.0130007
3	8	0.0105481
3	9	0.0186182
3	11	0
3	12	0.0164336
3	13	0.0138433
3	14	0.0142111
3	15	0.0095087
3	16	0.0153298
3	17	0.0140665
3	18	0.0209268
3	19	0.0130839
3	20	0.0225872
3	21	0.0145569
3	22	0.0149824
3	23	0.014235
3	24	0.0175318
3	25	0.00945616
3	26	0.0130112
3	27	0.00812098
3	28	0.0176808
3	30	0.0115633
3	32	0.0235526
3	33	0.0191081
3	34	0.0107666
3	35	0.0135006
3	36	0.0142965
3	38	0
3	39	0.0157118
3	41	0.0132152
3	42	0.0136297
3	43	0.0146175
3	44	0.00826439
3	45	0.0126385
3	46	0.0093704
3	47	0.0261098
3	48	0.00950184
3	49	0.0254361
3	50	0.0182833
3	51	0.0151959
3	52	0.0150607
3	53	0.0137564
3	54	0.015744
3	55	0.0215989
3	56	0.0255672
3	57	0.0096118
3	58	0.0105422
3	59	0
3	60	0.0127602
3	61	0.0169912
3	62	0
3	63	0.0151028
3	64	0.0128769
3	65	0.0144238
3	66	0.0133658
3	67	0.0172356
3	68	0.0174394
3	69	0
3	70	0.0164825
3	71	0.0226517
3	72	0.0114845
3	73	0.0140267
3	74	0.0218088
3	75	0.0190313
3	76	0.0135055
3	77	0.0130369
4	4	26.0265
4	6	0.0127432
4	7	0.0124895
4	8	0.0186952
4	9	0.0166215
4	11	0
4	12	0.0149078
4	13	0.0145355
4	14	0.0153302
4	15	0.0155189
4	16	0.0136858
4	17	0.0135843
4	18	0.0159054
4	19	0.0142835
4	20	0.0128755
4	21	0.0176451
4	22	0.0189059
4	23	0.0153182
4	24	0.0143473
4	25	0.014246
4	26	0.0182949
4	27	0.0155711
4	28	0.0168699
4	30	0.00916862
4	31	0
4	32	0.00788504
4	33	0.0239891
4	34	0.0123582
4	35	0.0180792
4	36	0.0143587
4	38	0
4	39	0.0120982
4	40	0.00460923
4	41	0.0126091
4	42	0.0157423
4	43	0.0123321
4	44	0.00905492
4	45	0.0126934
4	46	0.0235279
4	47	0.0168579
4	48	0.0238579
4	49	0.00567705
4	50	0.0146903
4	51	0.0145985
4	52	0.0118849
4	53	0.0158783
4	54	0.0104422
4	55	0.0115695
4	56	0.0149791
4	57	0.00891103
4	58	0.0105881
4	59	0
4	60	0.0163757
4	61	0.0132013
4	62	0
4	63	0.0148314
4	64	0.0162349
4	65	0.0120722
4	66	0.016634
4	67	0.0112009
4	68	0.0166395
4	69	0
4	70	0.0179337
4	71	0.0165456
4	72	0.0209718
4	73	0.0152617
4	74	0.00973496
4	75	0.0163835
4	76	0.0138411
4	77	0.0119792
6	6	23.6164
6	7	0.375038
6	8	0.0450999
6	9	0.0379125
6	11	0
6	12	0.00988
6	13	0.014073
6	14	0.0147144
6	15	0.0166142
6	16	0.0169309
6	17	0.0141165
6	18	0.0105411
6	19	0.019084
6	20	0.0153597
6	21	0.0137991
6	22	0.0100238
6	23	0.0149497
6	24	0.0149256
6	25	0.0132179
6	26	0.0121248
6	27	0.0110076
6	28	0.0140048
6	30	0.0147454
6	31	0
6	32	0.0219481
6	33	0.0178063
6	34	0.0107497
6	35	0.00943566
6	36	0.0086886
6	38	0
6	39	0.0136654
6	40	0.00427662
6	41	0.0123149
6	42	0.00952584
6	43	0.0103525
6	44	0.0161029
6	45	0.0137403
6	46	0.0261961
6	47	0.0173793
6	48	0.017709
6	49	0.0184358
6	50	0.0187415
6	51	0.0129293
6	52	0.019047
6	53	0.0128192
6	54	0.0107959
6	55	0.0161019
6	56	0.0119127
6	57	0.011713
6	58	0.00982403
6	60	0.0151939
6	61	0.0143399
6	62	0
6	63	0.0150122
6	64	0.0148081
6	65	0.0127411
6	66	0.0105599
6	67	0.0170061
6	68	0.0130011
6	69	0
6	70	0.0102397
6	71	0.0172706
6	72	0.0175126
6	73	0.0185174
6	74	0.0225811
6	75	0.0304024
6	76	0.014897
6	77	0.0134411
7	7	21.5278
7	8	0.33435
7	9	0.0509561
7	11	0
7	12	0.0123243
7	13	0.0172411
7	14	0.0139845
7	15	0.012336
7	16	0.0164997
7	17	0.0125777
7	18	0.0159666
7	19	0.0136975
7	20	0.0238227
7	21	0.0158375
7	22	0.0159485
7	23	0.0166971
7	24	0.0168929
7	25	0.0133474
7	26	0.0205259
7	27	0.0190025
7	28	0.0168824
7	30	0.0126328
7	31	0
7	32	0.0195557
7	33	0.011899
7	34	0.019156
7	35	0.00747301
7	36	0.00928981
7	39	0.0165243
7	40	0.0114313
7	41	0.0120698
7	42	0.01358
7	43	0.0203899
7	44	0.0174666
7	45	0.0139915
7	46	0.00778021
7	47	0.0185819
7	48	0.0157787
7	49	0.0164262
7	50	0.0166986
7	51	0.0164571
7	52	0.0196504
7	53	0.0138085
7	54	0.0130721
7	55	0.0155423
7	56	0.0141522
7	57	0.0153474
7	58	0.0143802
7	59	0
7	60	0.0161864
7	61	0.0165034
7	62	0
7	63	0.0156051
7	64	0.0166062
7	65	0.0116018
7	66	0.0135101
7	67	0.0159942
7	68	0.0137559
7	69	0
7	70	0.0125449
7	71	0.015388
7	72	0.0164705
7	73	0.0145579
7	74	0.00603591
7	75	0.0293458
7	76	0.0148751
7	77	0.0117457
8	8	25.8976
8	9	0.456905
8	11	0
8	12	0.0188431
8	13	0.0126171
8	14	0.0119929
8	15	0.0167912
8	16	0.012937
8	17	0.0187376
8	18	0.0190731
8	19	0.0176282
8	20	0.0122406
8	21	0.0162412
8	22	0.018207
8	23	0.0156513
8	24	0.0157816
8	25	0.00948039
8	26	0.0142304
8	27	0.0127846
8	28	0.00886306
8	30	0.0122031
8	31	0
8	32	0.0286218
8	33	0.0130616
8	34	0.0231304
8	35	0.0123047
8	36	0.0141632
8	39	0.0162294
8	40	0.0125482
8	41	0.0108402
8	42	0.016149
8	43	0.0186517
8	44	0.0123256
8	45	0.0191982
8	46	0.00854037
8	47	0.0152981
8	48	0.0259805
8	49	0.0180312
8	50	0.00833187
8	51	0.0132477
8	52	0.0225508
8	53	0.0108536
8	54	0.0121834
8	55	0.00918662
8	56	0.0135931
8	57	0.0154991
8	58	0.0192168
8	59	0
8	60	0.0145374
8	61	0.015194
8	62	0
8	63	0.0149886
8	64	0.0157316
8	65	0.0145156
8	66	0.0132412
8	67	0.019405
8	68	0.0174841
8	69	0
8	70	0.0112668
8	71	0.011261
8	72	0.0161766
8	73	0.0149149
8	74	0.0265026
8	75	0.00495585
8	76	0.0163285
8	77	0.0154214
9	9	26.7454
9	11	0
9	12	0.0134239
9	13	0.0127472
9	14	0.0159939
9	15	0.015651
9	16	0.0138024
9	17	0.0137
9	18	0.0131764
9	19	0.0132527
9	20	0.0166952
9	21	0.0167785
9	22	0.0147866
9	23	0.0148764
9	24	0.0144695
9	25	0.0143673
9	26	0.0158149
9	27	0.011217
9	28	0.0152226
9	30	0.011096
9	32	0.00795219
9	33	0.0241934
9	34	0.0140214
9	35	0.0193727
9	36	0.0157402
9	38	0
9	39	0.0201585
9	40	0.0278909
9	41	0.0120472
9	42	0.0144958
9	43	0.00947591
9	44	0.0159811
9	45	0.0192023
9	46	0.014237
9	47	0.00944527
9	48	0.0144367
9	49	0.0085881
9	50	0.0129634
9	51	0.0133843
9	52	0.0130757
9	53	0.00935857
9	54	0.0126373
9	55	0.011668
9	56	0.0107905
9	57	0.0217184
9	58	0.00991554
9	60	0.0161561
9	61	0.0133138
9	62	0
9	63	0.0151277
9	64	0.012488
9	65	0.0149143
9	66	0.0138326
9	67	0.0112963
9	68	0.0167812
9	69	0
9	70	0.0166951
9	71	0.0104291
9	72	0.0169203
9	73	0.0142077
9	74	0.0171813
9	75	0.0192768
9	76	0.0150757
9	77	0.0126432
11	11	0
11	12	0
11	13	0
11	14	0
11	15	0
11	16	0
11	17	0
11	18	0
11	19	0
11	20	0
11	21	0
11	22	0
11	23	0
11	24	0
11	25	0
11	26	0
11	27	0
11	28	0
11	30	0
11	32	0
11	33	0
11	34	0
11	35	0
11	36	0
11	38	0
11	39	0
11	40	0
11	41	0
11	42	0
11	43	0
11	44	0
11	45	0
11	46	0
11	47	0
11	49	0
11	51	0
11	52	0
11	53	0
11	54	0
11	55	0
11	56	0
11	57	0
11	58	0
11	60	0
11	61	0
11	63	0
11	64	0
11	65	0
11	66	0
11	67	0
11	68	0
11	70	0
11	71	0
11	72	0
11	73	0
11	75	0
11	76	0
11	77	0
12	12	25.4451
12	13	0.521833
12	14	0.0684457
12	15	0.0527559
12	16	0.0119372
12	17	0.0168514
12	18	0.01057
12	19	0.0141751
12	20	0.0161624
12	21	0.0144623
12	22	0.0131624
12	23	0.013196
12	24	0.0117979
12	25	0.0147269
12	26	0.0111448
12	27	0.0132223
12	28	0.00757234
12	30	0.0208519
12	31	0
12	32	0.0122268
12	33	0.0111595
12	34	0.01557
12	35	0.0113889
12	36	0.0111325
12	38	0
12	39	0.0187598
12	40	0.0107209
12	41	0.0123487
12	42	0.0185733
12	43	0.0104719
12	44	0.0146259
12	45	0.0196829
12	46	0.0255383
12	47	0.0188792
12	48	0.00739899
12	49	0.0176061
12	50	0.00854221
12	51	0.0185211
12	52	0.0117276
12	53	0.0127904
12	54	0.0154981
12	55	0.0156976
12	56	0.0082954
12	57	0.0120905
12	58	0.0170047
12	59	0
12	60	0.0146284
12	61	0.0129813
12	62	0
12	63	0.0121524
12	64	0.014294
12	65	0.0157946
12	66	0.0126704
12	67	0.0134212
12	68	0.0115429
12	69	0
12	70	0.0139043
12	71	0.0208457
12	72	0.0203248
12	73	0.00364083
12	74	0.0132084
12	75	0.0105853
12	76	0.0165261
12	77	0.0136076
13	13	34.1996
13	14	0.451466
13	15	0.0444937
13	16	0.00997102
13	17	0.0135017
13	18	0.0146376
13	19	0.0136708
13	20	0.0146705
13	21	0.0164707
13	22	0.0134931
13	23	0.015037
13	24	0.017405
13	25	0.0104884
13	26	0.0168367
13	27	0.0163772
13	28	0.00980541
13	30	0.0191258
13	31	0
13	33	0.022077
13	34	0.0184814
13	35	0.0197578
13	36	0.0212577
13	39	0.0150065
13	40	0.0127256
13	41	0.014047
13	42	0.0195267
13	43	0.0189153
13	44	0.0145831
13	45	0.00973475
13	46	0.00866105
13	47	0.00861903
13	48	0.0175651
13	49	0.0104491
13	50	0.0152093
13	51	0.0164883
13	52	0.0188922
13	53	0.0159412
13	54	0.015925
13	55	0.0173019
13	56	0.0236317
13	57	0.0184517
13	58	0.0201844
13	59	0
13	60	0.0163809
13	61	0.015705
13	62	0
13	63	0.0138044
13	64	0.0159539
13	65	0.0155539
13	66	0.0102055
13	67	0.0243647
13	68	0.0128954
13	69	0
13	70	0.0215825
13	71	0.0171302
13	72	0.0144752
13	73	0.0172865
13	74	0.0111988
13	75	0.0125647
13	76	0.0163045
13	77	0.0117936
14	14	25.5343
14	15	0.396067
14	16	0.0162418
14	17	0.0146399
14	18	0.0188031
14	19	0.0153935
14	20	0.0132153
14	21	0.0180461
14	22	0.0148507
14	23	0.0167706
14	24	0.0125506
14	25	0.015353
14	26	0.0171011
14	27	0.0199776
14	28	0.0191377
14	30	0.0127043
14	31	0
14	32	0.0182096
14	34	0.0160536
14	35	0.0156569
14	36	0.0148978
14	38	0
14	39	0.0149819
14	40	0.0141926
14	41	0.0137933
14	42	0.0126452
14	43	0.0167261
14	44	0.0127791
14	45	0.00977133
14	46	0.021734
14	47	0.014419
14	48	0.0146926
14	49	0.0152956
14	50	0.012722
14	51	0.00919456
14	52	0.0158026
14	53	0.0141279
14	54	0.014469
14	55	0.0144725
14	56	0.0181199
14	57	0.0165775
14	58	0.0145547
14	59	0
14	60	0.0175386
14	61	0.0188375
14	62	0
14	63	0.0145309
14	64	0.016734
14	65	0.0137073
14	66	0.0155005
14	67	0.0148933
14	68	0.0114607
14	69	0
14	70	0.0106194
14	71	0.00955254
14	72	0.0153368
14	73	0.0207856
14	74	0.0149878
14	75	0.0105099
14	76	0.0176869
14	77	0.0152263
15	15	26.428
15	16	0.0123911
15	17	0.0127518
15	18	0.0138247
15	19	0.012415
15	20	0.0138558
15	21	0.0162132
15	22	0.0160973
15	23	0.0140046
15	24	0.0151157
15	25	0.00825488
15	26	0.0204449
15	27	0.0103117
15	28	0.0123478
15	30	0.0100943
15	32	0.0205606
15	33	0.00417017
15	34	0.0147696
15	35	0.00883917
15	36	0.0141082
15	38	0
15	39	0.0137159
15	40	0.0160251
15	41	0.0149973
15	42	0.0160626
15	43	0.00969801
15	44	0.0170525
15	45	0.0147105
15	46	0.00818002
15	47	0.0130245
15	48	0.0290316
15	49	0.0222048
15	50	0.00957638
15	51	0.0161493
15	52	0.0084519
15	53	0.015952
15	54	0.0137439
15	55	0.015084
15	56	0.0167394
15	57	0.0193633
15	58	0.00854563
15	59	0
15	60	0.0182559
15	61	0.0170716
15	62	0
15	63	0.0145026
15	64	0.016742
15	65	0.0131161
15	66	0.0152189
15	67	0.0132759
15	68	0.0182688
15	69	0
15	70	0.0131895
15	71	0.0161788
15	72	0.0173169
15	73	0.0122448
15	74	0.0211536
15	75	0.00949348
15	76	0.0158801
15	77	0.0179186
16	16	23.404
16	17	0.332092
16	18	0.0438684
16	19	0.0384294
16	20	0.0529496
16	21	0.0154896
16	22	0.0150586
16	23	0.0161121
16	24	0.0176904
16	25	0.0149843
16	26	0.0108514
16	27	0.015393
16	28	0.0169578
16	30	0.0086287
16	31	0
16	32	0.019643
16	33	0.0159363
16	34	0.0192415
16	35	0.0131362
16	36	0.00933131
16	38	0
16	39	0.0100462
16	40	0.0114824
16	41	0.0121237
16	42	0.0136406
16	43	0.0131664
16	44	0.0156649
16	45	0.0122973
16	46	0.0156299
16	47	0.0108879
16	48	0.0118869
16	49	0.0117855
16	50	0.0213477
16	51	0.0132245
16	52	0.00986909
16	53	0.0113016
16	54	0.0111486
16	55	0.0180136
16	56	0.00888467
16	57	0.0172659
16	58	0.0119324
16	59	0
16	60	0.0121202
16	61	0.0149729
16	62	0
16	63	0.0134356
16	64	0.0159949
16	65	0.0140345
16	66	0.0152668
16	67	0.0152201
16	68	0.0167263
16	69	0
16	70	0.0194741
16	71	0.0103045
16	72	0.0217685
16	73	0.0146229
16	74	0.0141467
16	75	0.0158722
16	76	0.014252
16	77	0.0122608
17	17	21.6514
17	18	0.367672
17	19	0.0438519
17	20	0.0402666
17	21	0.0161559
17	22	0.0158755
17	23	0.0158018
17	24	0.0165128
17	25	0.0150297
17	26	0.00827204
17	27	0.0176013
17	28	0.0161587
17	30	0.011124
17	32	0.0124783
17	33	0.0189817
17	34	0.0171125
17	35	0.0134113
17	36	0.0138314
17	38	0
17	39	0.0141511
17	40	0.0218827
17	41	0.0110273
17	42	0.0135395
17	43	0.0157986
17	44	0.0155238
17	45	0.0167398
17	46	0.00744671
17	47	0.0177854
17	48	0.0302047
17	49	0.00449204
17	50	0.0145298
17	51	0.0162767
17	52	0.0153884
17	53	0.0140325
17	54	0.0144004
17	55	0.0114432
17	56	0.0186252
17	57	0.0117516
17	58	0.00598427
17	59	0
17	60	0.0166194
17	61	0.015796
17	62	0
17	63	0.0140027
17	64	0.0182894
17	65	0.0114627
17	66	0.0145474
17	67	0.0193372
17	68	0.0131663
17	69	0
17	70	0.00982403
17	71	0.00981896
17	72	0.0157645
17	73	0.0148628
17	74	0.0173316
17	75	0.0237667
17	76	0.017085
17	77	0.0127853
18	18	24.1852
18	19	0.354932
18	20	0.0481814
18	21	0.014179
18	22	0.0169156
18	23	0.0139852
18	24	0.014925
18	25	0.0125699
18	26	0.0140525
18	27	0.0128804
18	28	0.0132203
18	30	0.0101124
18	32	0.013045
18	33	0.0119062
18	34	0.0166119
18	35	0.0158898
18	36	0.0165252
18	38	0
18	39	0.011748
18	40	0.0228765
18	41	0.0109792
18	42	0.0135882
18	43	0.0116584
18	44	0.0143563
18	45	0.00875
18	46	0.0194623
18	47	0.0139449
18	48	0.0197353
18	49	0.0328724
18	50	0.0151897
18	51	0.0120758
18	52	0.0125124
18	53	0.0131345
18	54	0.0140672
18	55	0.00598143
18	56	0.0106206
18	57	0.0233421
18	58	0.0131377
18	59	0
18	60	0.0161962
18	61	0.0133172
18	62	0
18	63	0.0139415
18	64	0.0170714
18	65	0.0133564
18	66	0.0113457
18	67	0.0176885
18	68	0.0130398
18	69	0
18	70	0.00798793
18	71	0.0119757
18	72	0.0138783
18	73	0.0155378
18	74	0.00805275
18	75	0.0271048
18	76	0.0160291
18	77	0.0147486
19	19	24.7839
19	20	0.459611
19	21	0.0157292
19	22	0.0163716
19	23	0.0141607
19	24	0.0150115
19	25	0.0134329
19	26	0.0108723
19	27	0.0123382
19	28	0.0118194
19	30	0.0111881
19	31	0
19	32	0.0196809
19	33	0.015967
19	34	0.00835407
19	35	0.0169219
19	36	0.0129851
19	38	0
19	39	0.0118161
19	40	0.0268439
19	41	0.0082821
19	42	0.0130975
19	43	0.0224748
19	44	0.0150673
19	45	0.0176014
19	46	0.00783002
19	47	0.0187009
19	48	0.0198496
19	49	0.0165314
19	50	0.01375
19	51	0.00993747
19	52	0.0134838
19	53	0.0125244
19	54	0.0136523
19	55	0.0192515
19	56	0.0124625
19	57	0.0123565
19	58	0.0151015
19	59	0
19	60	0.0174748
19	61	0.0171448
19	62	0
19	63	0.0165464
19	64	0.0123627
19	65	0.0150659
19	66	0.014325
19	67	0.0186382
19	68	0.0102008
19	69	0
19	70	0.0137729
19	71	0.00860365
19	72	0.0244277
19	73	0.0156279
19	74	0.0242982
19	75	0.0113591
19	76	0.0179644
19	77	0.0136751
20	20	26.0093
20	21	0.0175546
20	22	0.0151574
20	23	0.0139805
20	24	0.0149447
20	25	0.0203508
20	26	0.0163343
20	27	0.0139024
20	28	0.015062
20	30	0.0130977
20	32	0.00704003
20	33	0.0128509
20	34	0.0179299
20	35	0.00807084
20	36	0.0150495
20	38	0
20	39	0.0131498
20	40	0.00411528
20	41	0.0142204
20	42	0.00916646
20	43	0.0120591
20	44	0.0175165
20	45	0.013222
20	46	0.0126039
20	47	0.0117066
20	48	0.00426023
20	49	0.022809
20	50	0.00983696
20	51	0.0148113
20	52	0.0115758
20	53	0.0101262
20	54	0.0122533
20	55	0.00774723
20	56	0.0133738
20	57	0.00928207
20	58	0.00877817
20	59	0
20	60	0.0127137
20	61	0.0166737
20	62	0
20	63	0.0156496
20	64	0.0147408
20	65	0.0156287
20	66	0.0140698
20	67	0.0172737
20	68	0.0187659
20	69	0
20	70	0.00739006
20	71	0.0110794
20	72	0.0187243
20	73	0.0136262
20	74	0.0173834
20	75	0.0219416
20	76	0.0138407
20	77	0.0159188
21	21	9.37186
21	22	0.266546
21	23	0.0158273
21	24	0.013645
21	25	0.0184768
21	26	0.0187075
21	27	0.0176915
21	28	0.0166218
21	30	0.0123403
21	31	0
21	32	0.0173662
21	33	0.00880569
21	34	0.0147431
21	35	0.0161761
21	36	0.0167286
21	38	0
21	39	0.0150604
21	40	0.0186111
21	41	0.00950046
21	42	0.0133158
21	43	0.0155203
21	44	0.0135722
21	45	0.017861
21	46	0.0172728
21	47	0.0192517
21	48	0.0157636
21	49	0.0229227
21	50	0.00808856
21	51	0.016076
21	52	0.0182435
21	53	0.012641
21	54	0.0148941
21	55	0.0201725
21	56	0.0117823
21	57	0.0130839
21	58	0.0119374
21	59	0
21	60	0.0162037
21	61	0.0147739
21	62	0
21	63	0.0151571
21	64	0.0166661
21	65	0.0143465
21	66	0.015104
21	67	0.0190626
21	68	0.015109
21	69	0
21	70	0.0121531
21	71	0.0113877
21	72	0.016551
21	73	0.0133589
21	74	0.0187605
21	75	0.0200463
21	76	0.0178839
21	77	0.0142143
22	22	14.4511
22	23	0.0174045
22	24	0.0173437
22	25	0.0117395
22	26	0.0124818
22	27	0.0158311
22	28	0.0119728
22	30	0.0106463
22	31	0
22	32	0.00886054
22	33	0.0188698
22	34	0.0138871
22	35	0.0120625
22	36	0.00911982
22	38	0
22	39	0.0144815
22	40	0.0310768
22	41	0.0137961
22	42	0.0207664
22	43	0.0155075
22	44	0.0156867
22	45	0.0118865
22	46	0.0185071
22	47	0.0189435
22	48	0.00804286
22	49	0.0191382
22	50	0.022698
22	51	0.0171502
22	52	0.0176046
22	53	0.0130924
22	54	0.0159248
22	55	0.0113757
22	56	0.0204391
22	57	0.0112651
22	58	0.0140227
22	60	0.0208018
22	61	0.0180909
22	62	0
22	63	0.0137308
22	64	0.0162336
22	65	0.0150918
22	66	0.0152487
22	67	0.014303
22	68	0.0167299
22	69	0
22	70	0.0131765
22	71	0.0185926
22	72	0.0135506
22	73	0.0125326
22	74	0.0191438
22	75	0.0230129
22	76	0.0153979
22	77	0.0153396
23	23	4.32578
23	24	0.131069
23	25	0.0166343
23	26	0.0164101
23	27	0.0128643
23	28	0.014084
23	30	0.0133316
23	31	0
23	32	0.0143316
23	33	0.0198189
23	34	0.0167187
23	35	0.0154965
23	36	0.0142352
23	38	0
23	39	0.0141669
23	40	0.0129472
23	41	0.012391
23	42	0.0150414
23	43	0.0174658
23	44	0.0159592
23	45	0.0132834
23	46	0.0124403
23	47	0.0160939
23	48	0.0157685
23	49	0.0225129
23	50	0.0191151
23	51	0.0174332
23	52	0.0171384
23	53	0.0143448
23	54	0.0155779
23	55	0.0150544
23	56	0.0155574
23	57	0.0157056
23	58	0.0143709
23	59	0
23	60	0.0160583
23	61	0.0145243
23	62	0
23	63	0.0161798
23	64	0.0170501
23	65	0.0134644
23	66	0.0152855
23	67	0.0208632
23	68	0.0147599
23	69	0
23	70	0.0132206
23	71	0.018112
23	72	0.0161134
23	73	0.0157124
23	74	0.018096
23	75	0.0239126
23	76	0.0165122
23	77	0.0147302
24	24	8.0241
24	25	0.017738
24	26	0.0227518
24	27	0.0129097
24	28	0.00955627
24	30	0.012964
24	31	0
24	32	0.0174724
24	33	0.0106315
24	34	0.0173598
24	35	0.0125192
24	36	0.0162051
24	38	0
24	39	0.0148195
24	40	0.0189681
24	41	0.0140753
24	42	0.0112667
24	43	0.0150576
24	44	0.0126599
24	45	0.0154031
24	46	0.0148959
24	47	0.0142306
24	48	0.0166153
24	49	0.016174
24	50	0.0284831
24	51	0.0151241
24	52	0.016759
24	53	0.0141653
24	54	0.0132222
24	55	0.0169386
24	56	0.0203217
24	57	0.0157497
24	58	0.013407
24	59	0
24	60	0.0122834
24	61	0.0136581
24	62	0
24	63	0.0149386
24	64	0.0154179
24	65	0.0140919
24	66	0.0148731
24	67	0.017084
24	68	0.0191288
24	69	0
24	70	0.0131008
24	71	0.0170223
24	72	0.0149372
24	73	0.0144936
24	74	0.0231125
24	75	0.0216096
24	76	0.0145465
24	77	0.0152566
25	25	38.7255
25	26	0.567487
25	27	0.0143567
25	28	0.00859568
25	30	0.0109896
25	32	0.0109051
25	33	0.0265416
25	34	0.0202961
25	35	0.0125018
25	36	0.0181314
25	38	0
25	39	0.00872966
25	40	0.0191238
25	41	0.0119316
25	42	0.0189319
25	43	0.0203041
25	44	0.0166974
25	45	0.0146293
25	46	0.045555
25	47	0.0103621
25	48	0.0131983
25	49	0.0235542
25	50	0.0101584
25	51	0.0229429
25	52	0.0209196
25	53	0.0131189
25	54	0.0127912
25	55	0.0160007
25	56	0.0207162
25	57	0.01027
25	58	0.00941363
25	60	0.0182166
25	61	0.0133592
25	62	0
25	63	0.0146847
25	64	0.0171252
25	65	0.0108523
25	66	0.0173546
25	67	0.0197158
25	68	0.0205902
25	69	0
25	70	0.0171709
25	71	0.0114414
25	72	0.0145021
25	73	0.0113653
25	74	0.0235612
25	75	0.0264349
25	76	0.0130168
25	77	0.00809104
26	26	55.7648
26	27	0.008466
26	28	0.0118272
26	30	0.0139579
26	32	0.0300096
26	33	0.0182599
26	34	0.0191075
26	35	0.019352
26	36	0.0118799
26	39	0.0190183
26	40	0.0175422
26	41	0.0189429
26	42	0.0143271
26	43	0.0189974
26	44	0.017231
26	45	0.0161033
26	46	0.00895446
26	47	0.0285153
26	49	0.0108031
26	50	0.0314491
26	51	0.0088391
26	52	0.0226162
26	53	0.0160888
26	54	0.0119225
26	55	0.0137601
26	56	0.00814411
26	57	0.00706549
26	58	0.0129526
26	60	0.00812921
26	61	0.0153179
26	63	0.0128288
26	64	0.0151853
26	65	0.0132093
26	66	0.0138832
26	67	0.0174393
26	68	0.0133323
26	69	0
26	70	0.00525028
26	71	0.0157427
26	72	0.0179587
26	73	0.0290422
26	74	0.0231563
26	75	0.0155884
26	76	0.0179104
26	77	0.0169643
27	27	33.7565
27	28	0.597271
27	30	0.0112199
27	31	0
27	32	0.0340557
27	33	0.0310828
27	34	0.0175138
27	35	0.0207411
27	36	0.0155039
27	38	0
27	39	0.0159028
27	40	0.0348379
27	41	0.0136147
27	42	0.021432
27	43	0.0101453
27	44	0.00733283
27	45	0.0137058
27	46	0.0355662
27	47	0.0101125
27	48	0.0206086
27	49	0.0183895
27	50	0.00594821
27	51	0.00931435
27	52	0.0221656
27	53	0.0133595
27	54	0.0128857
27	55	0.00936918
27	56	0.0207948
27	57	0.0192435
27	58	0.0122492
27	60	0.0142222
27	61	0.0142542
27	62	0
27	63	0.0156504
27	64	0.0160442
27	65	0.0141755
27	66	0.0176456
27	67	0.0109948
27	68	0.017021
27	69	0
27	70	0.0134058
27	71	0.0156321
27	72	0.0147189
27	73	0.0164789
27	74	0.0131392
27	75	0.0176901
27	76	0.0131516
27	77	0.0162435
28	28	40.4542
28	30	0.0165964
28	31	0
28	32	0.0203899
28	33	0.01861
28	34	0.00898793
28	35	0.0116877
28	36	0.0161435
28	38	0
28	39	0.0142821
28	40	0.0178785
28	41	0.0128707
28	42	0.0230089
28	43	0.0182227
28	44	0.018537
28	45	0.024618
28	46	0.0304205
28	47	0.0193746
28	48	0.0185083
28	49	0.0293606
28	50	0.0118711
28	51	0.0231649
28	52	0.0153665
28	53	0.0151975
28	54	0.0181302
28	55	0.0186985
28	56	0.0138337
28	57	0.0115215
28	58	0.019557
28	60	0.0174907
28	61	0.0149871
28	62	0
28	63	0.015036
28	64	0.0135196
28	65	0.0156087
28	66	0.0139607
28	67	0.00526628
28	68	0.0135879
28	69	0
28	70	0.00713458
28	71	0.00267409
28	72	0.0230482
28	73	0.0106253
28	74	0.0125868
28	75	0.0176525
28	76	0.0168221
28	77	0.0183702
30	30	30.8413
30	31	0
30	32	0.0421107
30	33	0.0298936
30	34	0.0144375
30	35	0.0130749
30	36	0.00889086
30	38	0
30	39	0.0191961
30	40	0.012308
30	41	0.0171303
30	42	0.0158398
30	43	0.01934
30	44	0.0167912
30	45	0.0244798
30	46	0.0209421
30	47	0.0166724
30	48	0.0127415
30	49	0.0202125
30	50	0.00980681
30	51	0.0094502
30	52	0.0134638
30	53	0.0145003
30	54	0.0135435
30	55	0.0270322
30	56	0.0228563
30	57	0.0204902
30	58	0.0161562
30	59	0
30	60	0.016794
30	61	0.0146164
30	62	0
30	63	0.0144015
30	64	0.0171449
30	65	0.0171926
30	66	0.0171437
30	67	0.0108763
30	68	0.0179289
30	70	0.0110511
30	71	0.018409
30	72	0.0140002
30	73	0.0135844
30	74	0.0129976
30	75	0.0121524
30	76	0.0133055
30	77	0.0133903
31	31	0
31	33	0
31	34	0
31	39	0
31	41	0
31	44	0
31	45	0
31	46	0
31	49	0
31	53	0
31	54	0
31	56	0
31	58	0
31	60	0
31	61	0
31	63	0
31	64	0
31	65	0
31	67	0
31	70	0
31	73	0
31	74	0
31	75	0
31	76	0
31	77	0
32	32	363.692
32	33	7.32694
32	35	0.0259487
32	36	0.0143366
32	38	0
32	39	0.0181193
32	41	0.0228602
32	42	0.015718
32	43	0.0134858
32	45	0.0242916
32	50	0.0210847
32	51	0.0457155
32	52	0.0248119
32	53	0.0260456
32	54	0.00685144
32	55	0.0166055
32	56	0.0245706
32	57	0.0170532
32	60	0.0163504
32	61	0.00739422
32	63	0.0174169
32	64	0.0126382
32	65	0.0121289
32	66	0.0134033
32	67	0.011692
32	68	0.0201116
32	72	0.0240804
32	73	0.0404398
32	74	0.0279449
32	76	0.00953563
32	77	0.0191929
33	33	246.711
33	34	0.0215855
33	35	0.0315781
33	36	0.0218084
33	39	0.0147
33	42	0.0191279
33	43	0.0205143
33	44	0.0263597
33	46	0.0328762
33	47	0.0130867
33	50	0.0128294
33	51	0.0231804
33	52	0.0226459
33	53	0.0216109
33	54	0.00833779
33	55	0.0202079
33	56	0.029901
33	57	0.0155645
33	58	0.0105679
33	60	0.00746156
33	61	0.0247454
33	62	0
33	63	0.0164853
33	64	0.0134575
33	65	0.0168687
33	66	0.0101944
33	67	0.0142285
33	68	0.0183559
33	70	0.00963815
33	71	0.0144498
33	72	0.0146522
33	73	0.0164043
33	76	0.0232086
33	77	0.0175174
34	34	36.8193
34	35	0.188096
34	36	0.0140435
34	39	0.0171573
34	40	0.0311057
34	41	0.0171679
34	42	0.0138571
34	43	0.0145312
34	44	0.0169743
34	45	0.0118975
34	46	0.0211706
34	47	0.0168543
34	48	0.0107338
34	49	0.00957797
34	50	0.0082615
34	51	0.0171661
34	52	0.0194438
34	53	0.0194829
34	54	0.0174496
34	55	0.0146395
34	56	0.0192547
34	57	0.021716
34	58	0.0195649
34	60	0.0160162
34	61	0.0148483
34	62	0
34	63	0.0151653
34	64	0.0173319
34	65	0.0166334
34	66	0.0180528
34	67	0.0194702
34	68	0.0187155
34	69	0
34	70	0.0139646
34	71	0.0116312
34	72	0.00471765
34	73	0.0145249
34	74	0.021899
34	75	0.00921373
34	76	0.0158792
34	77	0.0153538
35	35	54.2942
35	36	0.0123268
35	38	0
35	39	0.0129827
35	40	0.0227527
35	41	0.0240234
35	42	0.0180195
35	43	0.0251231
35	44	0.0186242
35	45	0.0139242
35	47	0.0184925
35	48	0.00785137
35	49	0.0186825
35	50	0.012086
35	51	0.00982673
35	52	0.0248892
35	53	0.0179834
35	54	0.0147274
35	55	0.0285554
35	56	0.00704207
35	57	0.0146626
35	58	0.0261332
35	60	0.0134726
35	61	0.0153644
35	62	0
35	63	0.0122021
35	64	0.0176582
35	65	0.0161395
35	66	0.0182469
35	67	0.0184305
35	68	0.0129692
35	69	0
35	70	0.0226991
35	71	0.0170155
35	72	0.00517618
35	73	0.00386343
35	74	0.0240275
35	75	0.017972
35	76	0.0186752
35	77	0.013752
36	36	27.3453
36	38	0
36	39	0.0129112
36	40	0.00838049
36	41	0.025339
36	42	0.0236448
36	43	0.0122788
36	44	0.0164636
36	45	0.0250024
36	46	0.0128335
36	47	0.020434
36	48	0.00433784
36	49	0.010322
36	50	0.0150243
36	51	0.0126682
36	52	0.012769
36	53	0.0191216
36	54	0.0157312
36	55	0.0197209
36	56	0.0213989
36	57	0.0175522
36	58	0.0199388
36	60	0.0126217
36	61	0.0140503
36	63	0.0148622
36	64	0.0155096
36	65	0.0207149
36	66	0.0185708
36	67	0.0129599
36	68	0.00955388
36	69	0
36	70	0.0250823
36	71	0.0206822
36	72	0.0171589
36	73	0.00960536
36	74	0.0221251
36	75	0.0148942
36	76	0.0153511
36	77	0.0164621
38	38	0
38	39	0
38	41	0
38	43	0
38	44	0
38	49	0
38	50	0
38	51	0
38	52	0
38	53	0
38	54	0
38	56	0
38	57	0
38	58	0
38	60	0
38	61	0
38	63	0
38	64	0
38	65	0
38	66	0
38	67	0
38	70	0
38	72	0
38	73	0
38	74	0
38	76	0
38	77	0
39	39	24.2068
39	40	2.48905
39	41	0.0218582
39	42	0.0162524
39	43	0.0139443
39	44	0.0190736
39	45	0.0113434
39	46	0.0144175
39	47	0.011478
39	48	0.0146197
39	49	0.0152197
39	50	0.015472
39	51	0.0127069
39	52	0.0140691
39	53	0.0176908
39	54	0.0153114
39	55	0.00886197
39	56	0.0114736
39	57	0.0170641
39	58	0.0202756
39	60	0.0182697
39	61	0.0177575
39	62	0
39	63	0.0162662
39	64	0.016651
39	65	0.0166446
39	66	0.0152001
39	67	0.0163793
39	68	0.0154288
39	69	0
39	70	0.0200768
39	71	0.0205945
39	72	0.0136543
39	73	0.0143878
39	74	0.0205061
39	75	0.0125494
39	76	0.0154788
39	77	0.013657
40	40	216.994
40	41	0.00890867
40	42	0.0229701
40	43	0.00394159
40	44	0.0101295
40	46	0.031584
40	49	0.0190522
40	51	0.0222693
40	53	0.0152251
40	54	0.0140176
40	55	0.00970684
40	57	0.0249212
40	58	0.0101525
40	60	0.0143366
40	61	0.0194505
40	63	0.019231
40	64	0.029551
40	65	0.0222829
40	66	0.0137111
40	67	0.0273385
40	68	0.0235126
40	70	0.0370373
40	71	0.0138818
40	72	0.00703816
40	73	0.031519
40	75	0.0183277
40	76	0.0148642
40	77	0.0411373
41	41	34.5364
41	42	0.648878
41	43	0.0170253
41	44	0.0175012
41	45	0.0265782
41	46	0.0181898
41	47	0.0144812
41	48	0.0138337
41	49	0.0137157
41	50	0.012422
41	51	0.0128253
41	52	0.0177502
41	53	0.0167397
41	54	0.024219
41	55	0.0125783
41	56	0.0206796
41	57	0.0258347
41	58	0.0219263
41	59	0
41	60	0.011697
41	61	0.0180475
41	62	0
41	63	0.0151474
41	64	0.0175508
41	65	0.0220205
41	66	0.0203053
41	67	0.0147607
41	68	0.00930967
41	69	0
41	70	0.0253299
41	71	0.019987
41	72	0.00810681
41	73	0.0147488
41	74	0.0117597
41	75	0.0237493
41	76	0.0152486
41	77	0.0150766
42	42	34.7521
42	43	0.0158033
42	44	0.0135376
42	45	0.010543
42	46	0.0187602
42	47	0.0093346
42	48	0.0142675
42	49	0.0113166
42	50	0.0109813
42	51	0.0132275
42	52	0.0150763
42	53	0.019731
42	54	0.0267627
42	55	0.0245041
42	56	0.00639843
42	57	0.0170231
42	58	0.0203525
42	59	0
42	60	0.0180957
42	61	0.00866488
42	62	0
42	63	0.0162943
42	64	0.0148101
42	65	0.0201542
42	66	0.0212329
42	67	0.0182683
42	68	0.0122202
42	69	0
42	70	0.0233743
42	71	0.016491
42	72	0.00836104
42	73	0.0128711
42	74	0.00970283
42	75	0.00544313
42	76	0.0184858
42	77	0.0191591
43	43	30.6321
43	44	0.828535
43	45	0.0253279
43	46	0.0120719
43	47	0.00800892
43	48	0.0163217
43	49	0.0145642
43	50	0.00628119
43	51	0.0141862
43	52	0.014783
43	53	0.013931
43	54	0.0142874
43	55	0.0123671
43	56	0.0182991
43	57	0.0139705
43	58	0.0194023
43	59	0
43	60	0.0140036
43	61	0.0143179
43	62	0
43	63	0.018304
43	64	0.0141186
43	65	0.0163886
43	66	0.0182175
43	67	0.0165447
43	68	0.0224673
43	69	0
43	70	0.0259532
43	71	0.0194549
43	72	0.0152439
43	73	0.0130511
43	74	0.0166497
43	75	0.0210155
43	76	0.016334
43	77	0.0169146
44	44	40.1738
44	45	0.0185971
44	46	0.0155118
44	47	0.0205821
44	48	0.0209725
44	49	0.0187142
44	50	0.0181597
44	51	0.015312
44	52	0.0178082
44	53	0.0165411
44	54	0.0186864
44	55	0.0222475
44	56	0.0164594
44	57	0.00897567
44	58	0.0199448
44	59	0
44	60	0.0160381
44	61	0.0145059
44	62	0
44	63	0.0175935
44	64	0.0172346
44	65	0.0155866
44	66	0.0131472
44	67	0.0201401
44	68	0.0221331
44	69	0
44	70	0.0151584
44	71	0.00681777
44	72	0.016131
44	73	0.0206399
44	74	0.0160455
44	75	0.00900127
44	76	0.0167298
44	77	0.0140814
45	45	109.774
45	46	3.20375
45	47	0.0173115
45	48	0.0146999
45	50	0.0282854
45	51	0.0163541
45	52	0.00998561
45	53	0.0146115
45	54	0.0183826
45	55	0.0222765
45	56	0.019777
45	57	0.0114385
45	58	0.0209693
45	59	0
45	60	0.023031
45	61	0.0158711
45	62	0
45	63	0.0171343
45	64	0.0152589
45	65	0.0158062
45	66	0.0215768
45	67	0.015685
45	68	0.0134899
45	69	0
45	70	0.0212495
45	71	0.00637155
45	72	0.0193825
45	73	0.036167
45	75	0.00841215
45	76	0.0221731
45	77	0.00944073
46	46	233.803
46	47	0.0385053
46	50	0.0251656
46	51	0.0181879
46	52	0.0148071
46	53	0.0197824
46	54	0.0286213
46	56	0.0293262
46	57	0.0203537
46	58	0.00518236
46	60	0.019515
46	61	0.00441268
46	63	0.0184782
46	64	0.0169699
46	65	0.0165445
46	66	0.0199968
46	67	0.013955
46	71	0.028344
46	73	0.0241334
46	74	0.0166768
46	75	0.0187108
46	76	0.0132781
46	77	0.0152717
47	47	95.0656
47	48	4.76354
47	50	0.0250435
47	51	0.0126697
47	52	0.0117882
47	53	0.019124
47	54	0.0154619
47	55	0.00788933
47	56	0.0175103
47	57	0.0222805
47	58	0.018566
47	60	0.0145652
47	61	0.0193216
47	63	0.0147108
47	64	0.0150112
47	65	0.0172874
47	66	0.0278597
47	67	0.0194422
47	68	0.0191101
47	69	0
47	70	0.00752561
47	71	0.0169239
47	72	0.0143008
47	73	0.0224153
47	74	0.00663834
47	75	0.014896
47	76	0.0196317
47	77	0.0151976
48	48	231.555
48	50	0.0382779
48	51	0.00922149
48	52	0.00750738
48	53	0.0157614
48	54	0.0207305
48	55	0.0100487
48	56	0.0297375
48	57	0.0309589
48	58	0.0210202
48	59	0
48	60	0.012368
48	61	0.015661
48	62	0
48	63	0.0128819
48	64	0.0114719
48	65	0.0209707
48	66	0.0202773
48	67	0.0141507
48	68	0.0243408
48	69	0
48	70	0.00958547
48	71	0.0431123
48	72	0.0437164
48	73	0.0163146
48	76	0.00961739
48	77	0.0251647
49	49	134.531
49	50	1.92034
49	51	0.0246856
49	52	0.00446599
49	53	0.0187523
49	54	0.022198
49	55	0.0179334
49	57	0.0122779
49	58	0.0218829
49	59	0
49	60	0.0191294
49	61	0.015971
49	62	0
49	63	0.0292595
49	64	0.0136489
49	65	0.0149701
49	66	0.0168876
49	67	0.00841799
49	68	0.0361997
49	70	0.0228088
49	71	0.0085489
49	72	0.00433434
49	73	0.00970526
49	74	0.0100598
49	75	0.0225736
49	76	0.0137309
49	77	0.0276369
50	50	77.0712
50	51	0.0124207
50	52	0.00866735
50	53	0.0176453
50	54	0.0103712
50	55	0.0270699
50	56	0.0114441
50	57	0.00595705
50	58	0.00404468
50	59	0
50	60	0.0199905
50	61	0.0137758
50	62	0
50	63	0.0144216
50	64	0.0183951
50	65	0.0177546
50	66	0.0163872
50	67	0.00816858
50	68	0.00702542
50	70	0.0258219
50	71	0.0221216
50	72	0.0140197
50	73	0.0282531
50	74	0.0130157
50	75	0.0292064
50	76	0.0155447
50	77	0.0156439
51	51	27.0868
51	52	0.80494
51	53	0.0149446
51	54	0.0149912
51	55	0.0111795
51	56	0.0144742
51	57	0.0143511
51	58	0.0095004
51	60	0.0141037
51	61	0.011823
51	62	0
51	63	0.0161229
51	64	0.0170172
51	65	0.0113736
51	66	0.0143814
51	67	0.017711
51	68	0.0194636
51	69	0
51	70	0.0173292
51	71	0.00799395
51	72	0.0151987
51	73	0.0226881
51	74	0.0211653
51	75	0.0211083
51	76	0.0171194
51	77	0.0121138
52	52	49.5813
52	53	0.0136266
52	54	0.0168986
52	55	0.00910144
52	56	0.00673353
52	57	0.0151885
52	58	0.0130891
52	60	0.0156828
52	61	0.0131714
52	62	0
52	63	0.0151148
52	64	0.0168845
52	65	0.0140079
52	66	0.0174474
52	67	0.0192251
52	68	0.0151567
52	69	0
52	70	0.0130228
52	71	0.0227781
52	72	0.0181478
52	73	0.0203179
52	74	0.0421204
52	75	0.0128885
52	76	0.0139372
52	77	0.0135878
53	53	8.72187
53	54	0.20122
53	55	0.0169367
53	56	0.0199199
53	57	0.0196231
53	58	0.0158974
53	59	0
53	60	0.0141109
53	61	0.0138264
53	62	0
53	63	0.0155374
53	64	0.0179307
53	65	0.0166756
53	66	0.0152479
53	67	0.0137598
53	68	0.0157789
53	69	0
53	70	0.0165701
53	71	0.0254633
53	72	0.0160589
53	73	0.0155114
53	74	0.0146165
53	75	0.0114795
53	76	0.0142977
53	77	0.0164803
54	54	13.9238
54	55	0.0226191
54	56	0.0130156
54	57	0.0232288
54	58	0.0253005
54	59	0
54	60	0.0136104
54	61	0.016367
54	62	0
54	63	0.0163288
54	64	0.0153023
54	65	0.0187503
54	66	0.0153411
54	67	0.00973267
54	68	0.0178827
54	69	0
54	70	0.029967
54	71	0.0233622
54	72	0.016856
54	73	0.0107109
54	74	0.0169177
54	75	0.0118632
54	76	0.0151537
54	77	0.0127086
55	55	64.4054
55	56	1.42405
55	57	0.0281493
55	58	0.00955631
55	59	0
55	60	0.0134947
55	61	0.016274
55	62	0
55	63	0.0152622
55	64	0.0115898
55	65	0.018432
55	66	0.0153643
55	67	0.0128665
55	68	0.00922161
55	69	0
55	70	0.0377675
55	71	0.0261333
55	72	0.0220828
55	73	0.0148341
55	74	0.00512534
55	75	0.0115009
55	76	0.0116595
55	77	0.0164274
56	56	96.6335
56	57	0.0115699
56	58	0.0141401
56	60	0.0166396
56	61	0.0160534
56	62	0
56	63	0.0126045
56	64	0.0137193
56	65	0.0225709
56	66	0.0200059
56	67	0.0222112
56	68	0.0136449
56	69	0
56	70	0.00859742
56	71	0.00644474
56	72	0.0196051
56	73	0.0182912
56	74	0.00758378
56	75	0.0170175
56	76	0.0215651
56	77	0.00954916
57	57	35.92
57	58	0.662439
57	59	0
57	60	0.0123186
57	61	0.0121863
57	62	0
57	63	0.0142156
57	64	0.0157705
57	65	0.0215397
57	66	0.0151473
57	67	0.0154156
57	68	0.00947018
57	70	0.0164093
57	71	0.0156553
57	72	0.00793734
57	73	0.00634748
57	74	0.0184223
57	75	0.00885823
57	76	0.0143685
57	77	0.0144601
58	58	38.7517
58	59	0
58	60	0.0117619
58	61	0.0173758
58	62	0
58	63	0.0141068
58	64	0.0133342
58	65	0.0229345
58	66	0.0183194
58	67	0.010093
58	68	0.0125385
58	69	0
58	70	0.0243086
58	71	0.0204998
58	72	0.0184774
58	73	0.0103434
58	74	0.0348443
58	75	0.0270652
58	76	0.0134143
58	77	0.0177952
59	59	0
59	60	0
59	63	0
59	64	0
59	65	0
59	66	0
59	68	0
59	70	0
59	73	0
59	74	0
59	76	0
59	77	0
60	60	14.2961
60	61	0.266566
60	62	0
60	63	0.0152025
60	64	0.0168324
60	65	0.0141592
60	66	0.0170949
60	67	0.0142525
60	68	0.0131659
60	69	0
60	70	0.0114422
60	71	0.020371
60	72	0.0201128
60	73	0.013389
60	74	0.0113549
60	75	0.021233
60	76	0.0147809
60	77	0.0166082
61	61	13.9468
61	62	0
61	63	0.016279
61	64	0.0181918
61	65	0.0148584
61	66	0.0135462
61	67	0.0114586
61	68	0.01971
61	69	0
61	70	0.0148769
61	71	0.0232736
61	72	0.0191747
61	73	0.0165135
61	74	0.0171168
61	75	0.0140833
61	76	0.0194693
61	77	0.014891
62	62	0
62	63	0
62	64	0
62	65	0
62	66	0
62	67	0
62	68	0
62	70	0
62	71	0
62	73	0
62	75	0
62	76	0
62	77	0
63	63	6.99802
63	64	0.143915
63	65	0.0190734
63	66	0.0195529
63	67	0.0132453
63	68	0.0146158
63	69	0
63	70	0.0121886
63	71	0.0147203
63	72	0.0149265
63	73	0.013542
63	74	0.0125435
63	75	0.0160839
63	76	0.0155582
63	77	0.0155207
64	64	11.6834
64	65	0.0178378
64	66	0.0170726
64	67	0.0146888
64	68	0.0105277
64	69	0
64	70	0.0116083
64	71	0.0149172
64	72	0.0159666
64	73	0.0150534
64	74	0.0146281
64	75	0.0153181
64	76	0.0163057
64	77	0.0152934
65	65	6.42154
65	66	0.151084
65	67	0.0127543
65	68	0.0148183
65	69	0
65	70	0.0154602
65	71	0.0145433
65	72	0.0131341
65	73	0.010319
65	74	0.0171137
65	75	0.0150008
65	76	0.0152076
65	77	0.0133456
66	66	11.9843
66	67	0.0142798
66	68	0.0126536
66	69	0
66	70	0.0146559
66	71	0.0140624
66	72	0.012477
66	73	0.0149668
66	74	0.0103424
66	75	0.0127642
66	76	0.0168222
66	77	0.0146801
67	67	46.2965
67	68	0.601249
67	69	0
67	70	0.0163645
67	71	0.0153338
67	72	0.0124389
67	73	0.0174079
67	74	0.0216527
67	75	0.0202447
67	76	0.015598
67	77	0.0165237
68	68	36.1852
68	69	0
68	70	0.0175929
68	71	0.0158255
68	72	0.0147099
68	73	0.00748586
68	74	0.0155187
68	75	0.0139292
68	76	0.0130621
68	77	0.0163429
69	69	0
69	70	0
69	71	0
69	72	0
69	73	0
69	75	0
69	76	0
69	77	0
70	70	69.2731
70	71	1.81562
70	72	0.0147453
70	73	0.00471672
70	74	0.0097781
70	75	0.0109707
70	76	0.0144585
70	77	0.0139911
71	71	102.696
71	72	0.0157904
71	73	0.00707144
71	74	0.0146596
71	75	0.0164476
71	76	0.00917086
71	77	0.0117464
72	72	42.9112
72	73	0.579019
72	74	0.014865
72	75	0.00833902
72	76	0.0164852
72	77	0.016165
73	73	46.544
73	74	0.0166425
73	75	0.0140043
73	76	0.0184565
73	77	0.0161929
74	74	112.292
74	75	2.02255
74	76	0.014716
74	77	0.0167845
75	75	122.919
75	76	0.0220145
75	77	0.0121852
76	76	11.8195
76	77	0.190126
77	77	11.0505
