1	1	74.5273
1	2	0.796193
1	3	0.0279558
1	4	0.0218845
1	6	0.0118977
1	7	0.0195503
1	8	0.0160536
1	9	0.0193335
1	11	0
1	12	0.0145507
1	13	0.0183752
1	14	0.0137046
1	15	0.0262438
1	16	0.0178659
1	17	0.0148238
1	18	0.0234397
1	19	0.0222852
1	20	0.00830252
1	21	0.0190026
1	22	0.0153119
1	23	0.0177773
1	24	0.012946
1	25	0.0109108
1	26	0.0146615
1	27	0.0161182
1	28	0.0197437
1	30	0.0142555
1	31	0
1	32	0.0195687
1	33	0.00909743
1	34	0.0172165
1	35	0.0140362
1	36	0.00533307
1	38	0
1	39	0.0231013
1	41	0.013856
1	42	0.0146614
1	43	0.013349
1	44	0.0147877
1	45	0.015072
1	46	0.0267679
1	47	0.0216634
1	48	0.0188037
1	49	0.0153739
1	50	0.0155044
1	51	0.0155192
1	52	0.0188748
1	53	0.00585215
1	54	0.0135536
1	55	0.00820156
1	56	0.0085318
1	57	0.0109621
1	58	0.0175537
1	59	0
1	60	0.0224009
1	61	0.0154974
1	63	0.0157095
1	64	0.0166526
1	65	0.0151012
1	66	0.0174972
1	67	0.00731442
1	68	0.00690216
1	69	0
1	70	0.0120686
1	71	0.00726508
1	72	0.018186
1	73	0.00871304
1	74	0.0169217
1	75	0.0192442
1	76	0.00943336
1	77	0.0168573
2	2	81.3527
2	3	1.05406
2	4	0.0285753
2	6	0.0149139
2	7	0.0158838
2	8	0.00718689
2	9	0.0173104
2	11	0
2	12	0.0106396
2	13	0.020794
2	14	0.012725
2	15	0.0176233
2	16	0.0228098
2	17	0.00967796
2	18	0.0269333
2	19	0.00634877
2	20	0.0108409
2	21	0.0105452
2	22	0.0159947
2	23	0.0155748
2	24	0.0180309
2	25	0.0125371
2	26	0.0076576
2	27	0.0153063
2	28	0.0131244
2	30	0.00967924
2	31	0
2	32	0.0204413
2	33	0.00475153
2	34	0.0148834
2	35	0.0117296
2	36	0.0211693
2	38	0
2	39	0.0232696
2	40	0.012342
2	41	0.0135089
2	42	0.0142942
2	43	0.026494
2	44	0.0120143
2	45	0.01968
2	46	0.0150562
2	47	0.0214383
2	48	0.0294632
2	49	0.0120446
2	50	0.0146532
2	51	0.0117081
2	52	0.018308
2	53	0.0226184
2	54	0.015731
2	55	0.018848
2	56	0.016204
2	57	0.00728694
2	58	0.0151006
2	60	0.0167141
2	61	0.0134903
2	63	0.0213826
2	64	0.0207085
2	65	0.00870318
2	66	0.0161271
2	67	0.0185556
2	68	0.0252347
2	69	0
2	70	0.0151281
2	71	0.00569176
2	72	0.0111746
2	73	0.0136523
2	74	0.0176762
2	75	0.0156351
2	76	0.0168925
2	77	0.00948173
3	3	77.0864
3	4	0.848332
3	6	0.0146124
3	7	0.026679
3	8	0.011736
3	9	0.011307
3	11	0
3	12	0.013403
3	13	0.0172393
3	14	0.0171432
3	15	0.0115114
3	16	0.0101585
3	17	0.0132753
3	18	0.016793
3	19	0.0145144
3	20	0.0233679
3	21	0.0145865
3	22	0.0166508
3	23	0.0140862
3	24	0.014354
3	25	0.0156337
3	26	0.0210079
3	27	0.0134972
3	28	0.0165331
3	30	0.0138606
3	31	0
3	32	0.0200281
3	33	0.00465549
3	34	0.017013
3	35	0.0124502
3	36	0.0163748
3	39	0.0126662
3	40	0.0181388
3	41	0.017963
3	42	0.0190071
3	43	0.0136624
3	44	0.0201797
3	45	0.0241028
3	46	0.0231815
3	47	0.0280067
3	48	0.00320752
3	49	0.0167183
3	50	0.0113345
3	51	0.0141187
3	52	0.0124186
3	53	0.013177
3	54	0.0154131
3	55	0.0179074
3	56	0.0198456
3	57	0.0122394
3	58	0.016909
3	59	0
3	60	0.0180139
3	61	0.0171829
3	63	0.0146166
3	64	0.00892757
3	65	0.0149227
3	66	0.0221216
3	67	0.00748612
3	68	0.00706419
3	69	0
3	70	0.0185279
3	71	0.0185891
3	72	0.0109488
3	73	0.0222939
3	74	0.00865946
3	75	0.0196959
3	76	0.0110341
3	77	0.00929008
4	4	77.9111
4	6	0.0125113
4	7	0.0205586
4	8	0.00723496
4	9	0.0174262
4	11	0
4	12	0.0122409
4	13	0.0177126
4	14	0.0112088
4	15	0.0177412
4	16	0.0208749
4	17	0.0214339
4	18	0.0123243
4	19	0.00639123
4	20	0.0152788
4	21	0.0156114
4	22	0.0161016
4	23	0.0138699
4	24	0.00794129
4	25	0.0126209
4	26	0.00770882
4	27	0.0123269
4	28	0.00566235
4	30	0.019488
4	31	0
4	32	0.020578
4	33	0.0191333
4	34	0.0181045
4	35	0.0167281
4	36	0.0157028
4	39	0.0182196
4	40	0.0124245
4	41	0.0145707
4	42	0.00925056
4	43	0.00280749
4	44	0.0172781
4	45	0.0138682
4	46	0.0108263
4	47	0.0131888
4	48	0.0263647
4	49	0.0131356
4	50	0.016304
4	51	0.0117864
4	52	0.015595
4	53	0.0190773
4	54	0.0182117
4	55	0.0132243
4	56	0.0146812
4	57	0.0167673
4	58	0.0152016
4	60	0.0235563
4	61	0.0162966
4	63	0.0100119
4	64	0.0200131
4	65	0.0197131
4	66	0.0151526
4	67	0.0186798
4	68	0.0169357
4	69	0
4	70	0.0114219
4	71	0.0210094
4	72	0.0213738
4	73	0.0152707
4	74	0.0106767
4	75	0.0157397
4	76	0.0127541
4	77	0.0136359
6	6	129.983
6	7	1.48628
6	8	0.0293691
6	9	0.0202111
6	11	0
6	12	0.0133098
6	13	0.00840406
6	14	0.0195002
6	15	0.0102882
6	16	0.029053
6	17	0.00677979
6	18	0.0171526
6	19	0.0037063
6	20	0.0113917
6	21	0.0162956
6	22	0.0175076
6	23	0.0146876
6	24	0.0157892
6	25	0.00998034
6	26	0.00268222
6	27	0.0107226
6	28	0.026269
6	30	0.0117358
6	32	0.0357998
6	33	0.00832159
6	34	0.0173774
6	35	0.0136951
6	36	0.00780522
6	39	0.0166031
6	40	0.0324227
6	41	0.00506975
6	42	0.0178815
6	43	0.0195369
6	44	0.0210413
6	45	0.01551
6	46	0.0113008
6	47	0.018773
6	48	0.0286668
6	49	0.0158207
6	50	0.0189095
6	51	0.0189276
6	52	0.0123322
6	53	0.0117768
6	54	0.00964268
6	55	0.0190054
6	56	0.00993262
6	57	0.0182314
6	58	0.00944514
6	59	0
6	60	0.0146361
6	61	0.00945048
6	63	0.0130634
6	64	0.0145071
6	65	0.0209582
6	66	0.00941472
6	67	0.0267626
6	68	0.0105226
6	69	0
6	70	0.0110394
6	71	0.013291
6	72	0.0176136
6	73	0.0132833
6	74	0.0154786
6	75	0.0234707
6	76	0.00493078
6	77	0.0189781
7	7	128.868
7	8	1.89207
7	9	0.0184504
7	11	0
7	12	0.0170105
7	13	0.0127866
7	14	0.0178015
7	15	0.0156533
7	16	0.0232069
7	17	0.0123784
7	18	0.0234876
7	19	0.0101503
7	20	0.0138658
7	21	0.0099174
7	22	0.0159825
7	23	0.0201122
7	24	0.0180172
7	25	0.0200441
7	26	0.00979429
7	27	0.0195771
7	28	0.00899274
7	30	0.0130943
7	32	0.0108937
7	33	0.02279
7	34	0.0118977
7	35	0.0140648
7	36	0.0106879
7	38	0
7	39	0.0151568
7	40	0.0197322
7	41	0.0169698
7	42	0.0114266
7	43	0.0111469
7	44	0.0192084
7	45	0.0204517
7	46	0.00687759
7	47	0.0152335
7	48	0.0104678
7	49	0.0128378
7	50	0.0147962
7	51	0.0086394
7	52	0.00450317
7	53	0.019547
7	54	0.0125753
7	55	0.0136972
7	56	0.0181347
7	57	0.0183076
7	58	0.0206937
7	60	0.0106889
7	61	0.0129409
7	63	0.00954034
7	64	0.0185407
7	65	0.0191325
7	66	0.0171892
7	67	0.0139607
7	68	0.0115271
7	69	0
7	70	0.0141088
7	71	0.0060666
7	72	0.0142927
7	73	0.0218271
7	74	0.0339125
7	75	0.0107131
7	76	0.018005
7	77	0.0238217
8	8	144.989
8	9	2.30828
8	11	0
8	12	0.0102622
8	13	0.0107996
8	14	0.0214789
8	15	0.00661041
8	16	0.0175006
8	17	0.0130686
8	19	0.0178604
8	20	0.0329376
8	21	0.0136115
8	22	0.0202484
8	23	0.0212336
8	24	0.020924
8	25	0.0250092
8	26	0.0206808
8	27	0.0129179
8	28	0.00632943
8	30	0.0213649
8	32	0.0115011
8	33	0.00802024
8	34	0.0146546
8	35	0.0280482
8	36	0.0225677
8	39	0.0145472
8	41	0.0162872
8	42	0.0103404
8	43	0.0188294
8	44	0.0260734
8	45	0.0182701
8	46	0.0145221
8	47	0.0140725
8	48	0.0110515
8	49	0.00847099
8	50	0.0156212
8	51	0.0106413
8	52	0.0142628
8	53	0.0123821
8	54	0.018587
8	55	0.015425
8	56	0.0109405
8	57	0.0228426
8	58	0.014565
8	60	0.0225698
8	61	0.0182165
8	62	0
8	63	0.0184658
8	64	0.00699089
8	65	0.0156085
8	66	0.0163328
8	67	0.0184239
8	68	0.0121698
8	69	0
8	70	0.0148955
8	71	0.00640485
8	72	0.0132034
8	73	0.0153627
8	74	0.0238689
8	75	0.0188506
8	76	0.0142567
8	77	0.0274362
9	9	170.681
9	12	0.00617943
9	13	0.0130061
9	14	0.0129336
9	15	0.0238829
9	16	0.0126456
9	17	0.0157385
9	18	0.0149317
9	19	0.0301132
9	20	0.0176297
9	21	0.0138705
9	22	0.0121926
9	23	0.0158301
9	24	0.0137448
9	25	0.0231683
9	26	0.012453
9	27	0.00933428
9	28	0.0114338
9	30	0.0196758
9	33	0.0193176
9	34	0.016388
9	35	0.00993488
9	36	0.0113243
9	39	0.00700769
9	40	0.0125443
9	41	0.00980739
9	42	0.0145284
9	43	0.0198419
9	44	0.0104668
9	45	0.00800103
9	46	0.0174891
9	47	0.00726324
9	48	0.0332734
9	49	0.024484
9	50	0.0125418
9	51	0.00915383
9	52	0.0143139
9	53	0.0124266
9	54	0.0159889
9	55	0.0139323
9	56	0.0115287
9	57	0.0105805
9	58	0.0109629
9	59	0
9	60	0.0203857
9	61	0.0164537
9	62	0
9	63	0.0151626
9	64	0.020206
9	65	0.0210088
9	66	0.0196697
9	67	0.0133128
9	68	0.0146562
9	69	0
9	70	0.0128134
9	71	0.0192835
9	72	0.0227156
9	73	0.0185014
9	74	0.0251523
9	75	0.0136211
9	76	0.0228925
9	77	0.0082604
11	11	0
11	12	0
11	13	0
11	14	0
11	15	0
11	16	0
11	17	0
11	19	0
11	20	0
11	21	0
11	23	0
11	24	0
11	25	0
11	26	0
11	27	0
11	30	0
11	34	0
11	35	0
11	36	0
11	39	0
11	40	0
11	42	0
11	43	0
11	44	0
11	45	0
11	46	0
11	47	0
11	48	0
11	49	0
11	50	0
11	51	0
11	52	0
11	53	0
11	54	0
11	55	0
11	56	0
11	58	0
11	59	0
11	63	0
11	64	0
11	65	0
11	66	0
11	68	0
11	70	0
11	71	0
11	72	0
11	73	0
11	75	0
11	76	0
11	77	0
12	12	95.893
12	13	1.17683
12	14	0.052807
12	15	0.0272615
12	16	0.0199863
12	17	0.0124373
12	18	0.00786648
12	19	0.0226637
12	20	0.0162538
12	21	0.0159434
12	22	0.0203409
12	23	0.0198872
12	24	0.0120687
12	25	0.00976461
12	26	0.0164015
12	27	0.024588
12	28	0.0180711
12	30	0.0143527
12	31	0
12	33	0.0101771
12	34	0.00996198
12	35	0.0188424
12	36	0.00835243
12	39	0.028612
12	40	0.0264349
12	41	0.019634
12	42	0.0218687
12	43	0.0104533
12	44	0.00735231
12	45	0.0126456
12	46	0.0115172
12	47	0.0089285
12	48	0.0035059
12	49	0.0182735
12	50	0.0156926
12	51	0.0192901
12	52	0.0150821
12	53	0.0196401
12	54	0.0134775
12	55	0.0110099
12	56	0.0199564
12	57	0.0100335
12	58	0.00924098
12	59	0
12	60	0.0161097
12	61	0.0202261
12	62	0
12	63	0.012781
12	64	0.0195161
12	65	0.0163109
12	66	0.0161196
12	67	0.0105204
12	68	0.0244509
12	69	0
12	70	0.0121509
12	71	0.0203183
12	72	0.0143607
12	73	0.00974714
12	74	0.011358
12	75	0.00956806
12	76	0.0165832
12	77	0.0116049
13	13	103.931
13	14	1.40186
13	15	0.0286891
13	16	0.011685
13	17	0.0130886
13	18	0.0165569
13	19	0.0238505
13	20	0.0268793
13	21	0.0181765
13	22	0.0236594
13	23	0.0189033
13	24	0.0152408
13	25	0.0192674
13	26	0.0103563
13	27	0.00862519
13	28	0.0169044
13	30	0.0192999
13	32	0.0153584
13	33	0.0107101
13	34	0.0139782
13	35	0.0154227
13	36	0.016324
13	38	0
13	39	0.0155408
13	40	0.0139096
13	41	0.031537
13	42	0.0138083
13	43	0.0204299
13	44	0.00773734
13	45	0.0133078
13	46	0.0121204
13	47	0.0120807
13	48	0.014758
13	49	0.0192304
13	50	0.0208603
13	51	0.0223303
13	52	0.00793593
13	53	0.0124012
13	54	0.0159562
13	55	0.0167361
13	56	0.0127835
13	57	0.0199446
13	58	0.0121561
13	59	0
13	60	0.00941852
13	61	0.012163
13	63	0.0196151
13	64	0.00653486
13	65	0.0134868
13	66	0.00848188
13	67	0.0123015
13	68	0.0189599
13	69	0
13	70	0.0113664
13	71	0.027797
13	72	0.0138534
13	73	0.0119672
13	74	0.00996067
13	75	0.00755184
13	76	0.0190381
13	77	0.0198455
14	14	103.76
14	15	1.09947
14	16	0.00929587
14	17	0.0108464
14	18	0.0137205
14	19	0.0142305
14	20	0.00728984
14	21	0.0159896
14	22	0.0112036
14	23	0.0167838
14	24	0.0113669
14	25	0.0217147
14	26	0.0205971
14	27	0.0085771
14	28	0.0126076
14	30	0.0200268
14	32	0.00763639
14	33	0.0106504
14	34	0.0187654
14	35	0.0241005
14	36	0.0149843
14	38	0
14	39	0.0135224
14	40	0.00691602
14	41	0.0162213
14	42	0.0125871
14	43	0.0171905
14	44	0.0173119
14	45	0.0143364
14	46	0.0120528
14	47	0.028031
14	48	0.00733784
14	49	0.0179983
14	50	0.0164223
14	51	0.0121123
14	52	0.0157834
14	53	0.0116469
14	54	0.0132227
14	55	0.0147224
14	56	0.00726415
14	57	0.0210001
14	58	0.0205502
14	60	0.0262248
14	61	0.0120952
14	63	0.0161619
14	64	0.0176386
14	65	0.0152405
14	66	0.0132544
14	67	0.0122329
14	68	0.0107738
14	69	0
14	70	0.00989012
14	71	0.00637893
14	72	0.0162809
14	73	0.0204008
14	74	0.0217913
14	75	0.020026
14	76	0.0205097
14	77	0.0151807
15	15	128.775
15	16	0.0200265
15	17	0.016023
15	18	0.0304031
15	19	0.0175185
15	20	0.014957
15	21	0.0179724
15	22	0.012413
15	23	0.0123971
15	24	0.0108836
15	25	0.0141522
15	26	0.0147911
15	27	0.0126706
15	28	0.023281
15	30	0.016436
15	32	0.0282024
15	34	0.0145452
15	35	0.0121373
15	36	0.0122976
15	38	0
15	39	0.0083234
15	41	0.0146441
15	42	0.0112693
15	43	0.0173147
15	44	0.00473599
15	45	0.00950325
15	46	0.00890258
15	47	0.0197187
15	48	0.0270998
15	49	0.0221569
15	50	0.0234089
15	51	0.0149108
15	52	0.0194302
15	53	0.0219287
15	54	0.017363
15	55	0.0141841
15	56	0.0111782
15	57	0.0114899
15	58	0.0178577
15	60	0.0115301
15	61	0.0204735
15	63	0.0150936
15	64	0.0194284
15	65	0.0202628
15	66	0.0133501
15	67	0.0120475
15	68	0.0182369
15	69	0
15	70	0.0191326
15	71	0.00523521
15	72	0.0123339
15	73	0.00627861
15	74	0.0219488
15	75	0.0215714
15	76	0.0135953
15	77	0.00747529
16	16	113.905
16	17	1.39702
16	18	0.0250414
16	19	0.0340113
16	20	0.0380136
16	21	0.0145007
16	22	0.0146055
16	23	0.0175042
16	24	0.013172
16	25	0.00499559
16	26	0.0223761
16	27	0.0111815
16	28	0.0109573
16	30	0.0108783
16	31	0
16	32	0.0199104
16	33	0.00694218
16	34	0.0135908
16	35	0.011425
16	36	0.0195342
16	39	0.00755506
16	40	0.0270482
16	41	0.0183273
16	42	0.0253596
16	43	0.0183358
16	44	0.0100305
16	45	0.0143767
16	46	0.0125701
16	47	0.013921
16	48	0.00956598
16	49	0.0102653
16	50	0.00676073
16	51	0.0184218
16	52	0.010288
16	53	0.0125041
16	54	0.0160886
16	55	0.00917922
16	56	0.0201235
16	57	0.0167303
16	58	0.0063036
16	60	0.009768
16	61	0.0118259
16	62	0
16	63	0.0159837
16	64	0.0133126
16	65	0.011921
16	66	0.0172791
16	67	0.0111632
16	68	0.0193123
16	70	0.0184189
16	71	0.0166318
16	72	0.0212246
16	73	0.015514
16	74	0.0103303
16	75	0.0195801
16	76	0.0123403
16	77	0.00791611
17	17	107.459
17	18	1.52602
17	19	0.0173168
17	20	0.0236556
17	21	0.0118436
17	22	0.01636
17	23	0.0130713
17	24	0.0107583
17	25	0.0108805
17	26	0.00626602
17	27	0.0146122
17	28	0.0204559
17	30	0.0152313
17	32	0.0185851
17	33	0.0194403
17	34	0.0109947
17	35	0.00799836
17	36	0.012156
17	38	0
17	39	0.0188058
17	40	0.0168319
17	41	0.0171074
17	42	0.0194942
17	43	0.0114102
17	44	0.0140443
17	45	0.0228135
17	46	0.0146668
17	47	0.0243645
17	48	0.0133939
17	49	0.0150574
17	50	0.0157768
17	51	0.0159674
17	52	0.0172858
17	53	0.0175076
17	54	0.00750885
17	55	0.0163575
17	56	0.020994
17	57	0.0170364
17	58	0.019123
17	60	0.0113973
17	61	0.0257571
17	63	0.0203452
17	64	0.0203343
17	65	0.0140948
17	66	0.0117301
17	67	0.0148859
17	68	0.0180268
17	69	0
17	70	0.0120351
17	71	0.0155247
17	72	0.0198118
17	73	0.0248252
17	74	0.0120533
17	75	0.0243691
17	76	0.0134388
17	77	0.0166257
18	18	168.379
18	19	1.65751
18	20	0.0336643
18	21	0.0171222
18	22	0.00862295
18	23	0.0113677
18	24	0.0291622
18	25	0.0275272
18	26	0.00792638
18	27	0.00528117
18	28	0.00646907
18	30	0.0115604
18	33	0.0163944
18	34	0.00641911
18	35	0.0118041
18	36	0.00768854
18	39	0.0208153
18	41	0.0149819
18	42	0.0176141
18	43	0.00962244
18	44	0.00888289
18	45	0.00679027
18	46	0.00742126
18	47	0.0184924
18	48	0.016943
18	49	0.012121
18	50	0.0106439
18	51	0.017091
18	52	0.0194366
18	53	0.00843687
18	54	0.0162832
18	55	0.01478
18	56	0.0195683
18	57	0.016163
18	58	0.0130255
18	60	0.0230677
18	61	0.0209457
18	63	0.0154417
18	64	0.00857415
18	65	0.0197065
18	66	0.018548
18	67	0.0169473
18	68	0.0145114
18	69	0
18	70	0.017399
18	71	0.0196385
18	72	0.0212059
18	73	0.0209356
18	74	0.0304944
18	75	0.0154132
18	76	0.0267139
18	77	0.011684
19	19	125.64
19	20	1.63263
19	21	0.0203485
19	22	0.00894352
19	23	0.0142913
19	24	0.0184839
19	25	0.0152949
19	26	0.0296871
19	27	0.0114115
19	28	0.00838695
19	30	0.0133224
19	32	0.0304796
19	33	0.0141699
19	34	0.0138703
19	35	0.0189473
19	36	0.0116293
19	39	0.0205611
19	40	0.0184029
19	41	0.0115103
19	42	0.0137017
19	43	0.0041584
19	44	0.0153552
19	45	0.0176067
19	46	0.0192429
19	47	0.0159832
19	48	0.014644
19	49	0.0164629
19	50	0.0103496
19	51	0.0161148
19	52	0.0188992
19	53	0.0173187
19	54	0.0152466
19	55	0.0119229
19	56	0.0169131
19	57	0.0139699
19	58	0.0128664
19	60	0.00996885
19	61	0.0120691
19	63	0.0103806
19	64	0.0160566
19	65	0.0186547
19	66	0.00641249
19	67	0.0130202
19	68	0.0125424
19	69	0
19	70	0.0206775
19	71	0.0141448
19	72	0.0133298
19	73	0.0248805
19	74	0.0184497
19	75	0.0133218
19	76	0.0104951
19	77	0.0141381
20	20	127.691
20	21	0.0189525
20	22	0.0183259
20	23	0.0128117
20	24	0.0120511
20	25	0.0139291
20	26	0.0233965
20	27	0.0233829
20	28	0.0229139
20	30	0.0102369
20	32	0.0208183
20	33	0.00725877
20	34	0.00757899
20	35	0.0104527
20	36	0.00680835
20	38	0
20	39	0.013166
20	40	0.00942723
20	41	0.0147408
20	42	0.0093586
20	43	0.0213021
20	44	0.010488
20	45	0.0165355
20	46	0.00657166
20	47	0.0181948
20	48	0.0200044
20	49	0.00920006
20	50	0.0153162
20	51	0.0178861
20	52	0.0193629
20	53	0.0158759
20	54	0.0168223
20	55	0.016578
20	56	0.00866404
20	57	0.0143126
20	58	0.0164776
20	59	0
20	60	0.0102134
20	61	0.0123652
20	63	0.0167126
20	64	0.0151852
20	65	0.0132956
20	66	0.0131397
20	67	0.0150072
20	68	0.0128501
20	69	0
20	70	0.0154071
20	71	0.0115935
20	72	0.0170711
20	73	0.0139041
20	74	0.0189024
20	75	0.0102365
20	76	0.0150536
20	77	0.0144849
21	21	31.5968
21	22	0.611243
21	23	0.0128288
21	24	0.0152687
21	25	0.0169365
21	26	0.0133873
21	27	0.0140485
21	28	0.0204862
21	30	0.0159454
21	31	0
21	32	0.0238242
21	33	0.0207671
21	34	0.0157203
21	35	0.0149524
21	36	0.012174
21	38	0
21	39	0.0154436
21	40	0.00809129
21	41	0.0139171
21	42	0.0156185
21	43	0.0115795
21	44	0.0142527
21	45	0.0146223
21	46	0.0216215
21	47	0.0197808
21	48	0.0157388
21	49	0.0179861
21	50	0.0111233
21	51	0.0228303
21	52	0.0184655
21	53	0.0133589
21	54	0.0147821
21	55	0.0119821
21	56	0.0187677
21	57	0.0163792
21	58	0.014614
21	59	0
21	60	0.0153407
21	61	0.0153298
21	63	0.018039
21	64	0.0166536
21	65	0.0175927
21	66	0.0173863
21	67	0.0128805
21	68	0.018907
21	69	0
21	70	0.0203866
21	71	0.0157551
21	72	0.01221
21	73	0.0205526
21	74	0.0115884
21	75	0.0117145
21	76	0.0141509
21	77	0.00888019
22	22	52.6967
22	23	0.017721
22	24	0.0182564
22	25	0.0152526
22	26	0.0172596
22	27	0.0237181
22	28	0.0171677
22	30	0.0120619
22	32	0.0191971
22	33	0.013387
22	34	0.0135407
22	35	0.0185889
22	36	0.010202
22	39	0.0139618
22	40	0.00434654
22	41	0.01903
22	42	0.0136638
22	43	0.0137502
22	44	0.00967121
22	45	0.017327
22	46	0.0136348
22	47	0.0100667
22	48	0.0161407
22	49	0.0141393
22	50	0.0222716
22	51	0.0171275
22	52	0.0148792
22	53	0.0146396
22	54	0.0188363
22	55	0.0148847
22	56	0.0176906
22	57	0.0146645
22	58	0.0174736
22	60	0.0164816
22	61	0.0180536
22	62	0
22	63	0.0136599
22	64	0.0169198
22	65	0.0130264
22	66	0.0181746
22	67	0.0123009
22	68	0.0194668
22	69	0
22	70	0.0142073
22	71	0.020045
22	72	0.01889
22	73	0.019232
22	74	0.0124502
22	75	0.0157322
22	76	0.0128898
22	77	0.0171732
23	23	30.7229
23	24	0.73915
23	25	0.0125072
23	26	0.0168066
23	27	0.0200269
23	28	0.0150355
23	30	0.0135129
23	31	0
23	32	0.0287587
23	33	0.0260712
23	34	0.0175368
23	35	0.014027
23	36	0.014578
23	39	0.0123676
23	40	0.0104183
23	41	0.0171051
23	42	0.013359
23	43	0.0135365
23	44	0.0101418
23	45	0.0191046
23	46	0.0127095
23	47	0.0145781
23	48	0.0262527
23	49	0.0156746
23	50	0.0146479
23	51	0.0167255
23	52	0.0160489
23	53	0.0149648
23	54	0.0136111
23	55	0.0156692
23	56	0.0140204
23	57	0.0171355
23	58	0.0118365
23	60	0.0134036
23	61	0.0108183
23	63	0.0132226
23	64	0.0202778
23	65	0.0133159
23	66	0.0131597
23	67	0.0193491
23	68	0.0126795
23	69	0
23	70	0.0122381
23	71	0.00800772
23	72	0.0169793
23	73	0.0166464
23	74	0.0156672
23	75	0.0169691
23	76	0.0160421
23	77	0.019438
24	24	57.7965
24	25	0.0226243
24	26	0.0158088
24	27	0.0182302
24	28	0.0178646
24	30	0.0147798
24	33	0.00377281
24	34	0.0182191
24	35	0.0186271
24	36	0.0159242
24	38	0
24	39	0.0177922
24	40	0.00979979
24	41	0.0145572
24	42	0.0162141
24	43	0.0210368
24	44	0.0272561
24	45	0.0140637
24	46	0.0204941
24	47	0.0160768
24	48	0.0181956
24	49	0.0167364
24	50	0.0232699
24	51	0.012872
24	52	0.0178916
24	53	0.0179595
24	54	0.0106172
24	55	0.0154192
24	56	0.0147963
24	57	0.0239705
24	58	0.0119902
24	59	0
24	60	0.0185799
24	61	0.013925
24	62	0
24	63	0.0177679
24	64	0.00920807
24	65	0.013821
24	66	0.0153663
24	67	0.0130002
24	68	0.0228993
24	69	0
24	70	0.009009
24	71	0.016571
24	72	0.00976017
24	73	0.0240894
24	74	0.026667
24	75	0.00709404
24	76	0.013413
24	77	0.0161329
25	25	63.619
25	26	0.525155
25	27	0.015979
25	28	0.0255957
25	30	0.0173393
25	31	0
25	32	0.0218868
25	33	0.0152627
25	34	0.01992
25	35	0.0125591
25	36	0.0152103
25	39	0.0138418
25	40	0.00991109
25	41	0.0185969
25	42	0.0147584
25	43	0.0134373
25	44	0.0206743
25	45	0.0142234
25	46	0.0138179
25	47	0.0191287
25	48	0.026289
25	49	0.0241807
25	50	0.0148637
25	51	0.0130182
25	52	0.0079165
25	53	0.0171817
25	54	0.0126326
25	55	0.0178876
25	56	0.00910873
25	57	0.0142113
25	58	0.0181896
25	59	0
25	60	0.0161065
25	61	0.00974991
25	63	0.0159731
25	64	0.0172949
25	65	0.016162
25	66	0.0146774
25	67	0.0105183
25	68	0.00675482
25	69	0
25	70	0.0141732
25	71	0.0121886
25	72	0.0125631
25	73	0.024363
25	74	0.0113557
25	75	0.0161429
25	76	0.0180872
25	77	0.0141407
26	26	88.5305
26	27	0.0132134
26	28	0.0121392
26	30	0.014462
26	32	0.0220579
26	33	0.00512732
26	34	0.021414
26	35	0.0189859
26	36	0.0168321
26	38	0
26	39	0.0167399
26	40	0.0133181
26	41	0.0229072
26	42	0.0176282
26	43	0.0180564
26	44	0.0129645
26	45	0.0138037
26	46	0.0208889
26	47	0.0154226
26	48	0.00706518
26	49	0.0140802
26	50	0.0149799
26	51	0.0145777
26	52	0.0106378
26	53	0.0138528
26	54	0.0144289
26	55	0.0197223
26	56	0.0148627
26	57	0.0112332
26	58	0.0221144
26	59	0
26	60	0.00721439
26	61	0.0189244
26	63	0.0155613
26	64	0.0125139
26	65	0.0146742
26	66	0.0162424
26	67	0.0223788
26	68	0.0129669
26	70	0.0204056
26	71	0.0163784
26	72	0.0168818
26	73	0.014732
26	74	0.0114445
26	75	0.0289228
26	76	0.0197476
26	77	0.0190016
27	27	94.2988
27	28	1.24354
27	30	0.0104387
27	31	0
27	32	0.0146967
27	33	0.0102487
27	34	0.01672
27	35	0.020029
27	36	0.0144191
27	39	0.0120829
27	40	0.0332758
27	41	0.0145688
27	42	0.0220223
27	43	0.0165421
27	44	0.0166589
27	45	0.0191017
27	46	0.0185571
27	47	0.0102757
27	48	0.0141221
27	49	0.0205668
27	50	0.0141394
27	51	0.0126267
27	52	0.0243009
27	53	0.0191188
27	54	0.0203583
27	55	0.016631
27	56	0.0131065
27	57	0.010104
27	58	0.0186118
27	59	0
27	60	0.0288407
27	61	0.011639
27	63	0.0139434
27	64	0.0151866
27	65	0.0181854
27	66	0.0127544
27	67	0.00706287
27	68	0.0168471
27	69	0
27	70	0.0203937
27	71	0.0225072
27	72	0.0156668
27	73	0.0114516
27	74	0.019063
27	75	0.00722647
27	76	0.0106271
27	77	0.0131473
28	28	120.002
28	30	0.0137702
28	32	0.0360048
28	33	0.0251078
28	34	0.0131077
28	35	0.0103301
28	36	0.0206061
28	38	0
28	39	0.0159392
28	40	0.0163042
28	41	0.0216699
28	42	0.0107903
28	43	0.0184208
28	44	0.0204061
28	45	0.0116991
28	46	0.0142069
28	47	0.0204539
28	49	0.00662972
28	50	0.0142634
28	51	0.014277
28	52	0.00930214
28	53	0.0145361
28	54	0.0124688
28	55	0.0203718
28	56	0.0128437
28	57	0.0165023
28	58	0.00997421
28	60	0.00662398
28	61	0.0213854
28	63	0.0137952
28	64	0.016414
28	65	0.0122158
28	66	0.0198842
28	67	0.0129773
28	68	0.0206365
28	70	0.0149885
28	71	0.015038
28	72	0.00885725
28	73	0.0120235
28	74	0.00700527
28	75	0.0236051
28	76	0.0148771
28	77	0.023262
30	30	43.688
30	31	0
30	32	0.0250217
30	33	0.0174487
30	34	0.0162665
30	35	0.0148707
30	36	0.015197
30	38	0
30	39	0.0189891
30	40	0.00971199
30	41	0.00708684
30	42	0.0133907
30	43	0.0190195
30	44	0.0117052
30	45	0.0185836
30	46	0.0112836
30	47	0.0137459
30	48	0.0188913
30	49	0.0173763
30	50	0.0157789
30	51	0.016064
30	52	0.00960448
30	53	0.0160348
30	54	0.0193935
30	55	0.0140825
30	56	0.011476
30	57	0.0223905
30	58	0.0101852
30	60	0.0140293
30	61	0.0134464
30	63	0.0172174
30	64	0.0165129
30	65	0.0176922
30	66	0.0152286
30	67	0.0160331
30	68	0.0107167
30	69	0
30	70	0.0145498
30	71	0.012939
30	72	0.0158281
30	73	0.0159157
30	74	0.0166914
30	75	0.0105457
30	76	0.0273242
30	77	0.0149225
31	31	0
31	34	0
31	35	0
31	36	0
31	39	0
31	40	0
31	41	0
31	49	0
31	50	0
31	52	0
31	53	0
31	54	0
31	55	0
31	56	0
31	57	0
31	58	0
31	60	0
31	61	0
31	64	0
31	65	0
31	67	0
31	72	0
32	32	400.656
32	33	11.9076
32	34	0.0178634
32	35	0.0140781
32	36	0.026745
32	38	0
32	39	0.0165503
32	41	0.00926495
32	42	0.0147052
32	44	0.0247197
32	45	0.00944813
32	46	0.0206522
32	47	0.00571793
32	49	0.00963742
32	50	0.0111076
32	51	0.00864754
32	52	0.0202834
32	53	0.00293482
32	54	0.00377614
32	55	0.0219362
32	56	0.0194484
32	57	0.00999535
32	58	0.00517829
32	60	0.0240727
32	61	0.0194296
32	63	0.0238733
32	64	0.0198838
32	65	0.0235029
32	66	0.0154848
32	67	0.0157206
32	68	0.017307
32	70	0.018157
32	72	0.0160944
32	73	0.0145651
32	75	0.0214463
32	76	0.0135165
32	77	0.0130059
33	33	361.943
33	34	0.0249139
33	35	0.0196345
33	36	0.0186505
33	39	0.0115412
33	40	0.0206596
33	41	0.0161522
33	42	0.017091
33	43	0.00933666
33	44	0.0229842
33	45	0.0263544
33	46	0.00720085
33	47	0.0119621
33	49	0.0302427
33	50	0.0154917
33	51	0.0180909
33	52	0.0141445
33	53	0.014326
33	54	0.0236994
33	55	0.0172092
33	56	0.024412
33	57	0.0209106
33	58	0.0252774
33	60	0.016787
33	61	0.0180655
33	63	0.0199775
33	64	0.0194122
33	65	0.0109264
33	66	0.0143977
33	67	0.032888
33	68	0.0281608
33	69	0
33	70	0.00422056
33	71	0.00635175
33	72	0.0224467
33	73	0.0253923
33	74	0.0177532
33	75	0.00747773
33	76	0.0141385
33	77	0.0272087
34	34	33.826
34	35	0.0465537
34	36	0.0165523
34	39	0.0173224
34	40	0.021571
34	41	0.0210809
34	42	0.0169527
34	43	0.0176692
34	44	0.0142489
34	45	0.0128986
34	46	0.0187963
34	47	0.0192551
34	48	0.0128738
34	49	0.0201741
34	50	0.018197
34	51	0.0161344
34	52	0.0123071
34	53	0.0154922
34	54	0.0140909
34	55	0.0167206
34	56	0.0141605
34	57	0.0150102
34	58	0.0183805
34	59	0
34	60	0.0138759
34	61	0.0153257
34	63	0.0154268
34	64	0.0188208
34	65	0.0142605
34	66	0.0122142
34	67	0.0166925
34	68	0.0136514
34	69	0
34	70	0.0143219
34	71	0.0174089
34	72	0.0122067
34	73	0.0145818
34	74	0.01313
34	75	0.020495
34	76	0.0147622
34	77	0.0153882
35	35	55.4042
35	36	0.0138121
35	39	0.0154324
35	40	0.00425002
35	41	0.0225948
35	42	0.0161731
35	43	0.0172863
35	44	0.0165488
35	45	0.0155869
35	46	0.0162946
35	47	0.00902292
35	48	0.0157823
35	49	0.0214293
35	50	0.0154033
35	51	0.0130256
35	52	0.0174585
35	53	0.0155775
35	54	0.0162512
35	55	0.0137675
35	56	0.0161818
35	57	0.0172066
35	58	0.0185713
35	59	0
35	60	0.00920892
35	61	0.0195109
35	62	0
35	63	0.0154114
35	64	0.0228194
35	65	0.013861
35	66	0.0162901
35	67	0.0142829
35	68	0.0132414
35	69	0
35	70	0.0217059
35	71	0.0182932
35	72	0.017701
35	73	0.0156708
35	74	0.0158259
35	75	0.0199978
35	76	0.0135731
35	77	0.0102617
36	36	64.2883
36	38	0
36	39	0.0142079
36	40	0.0193777
36	41	0.0151499
36	42	0.016832
36	43	0.00437865
36	44	0.0161685
36	45	0.0123595
36	46	0.00844253
36	47	0.0215047
36	48	0.0231295
36	49	0.0244263
36	50	0.0187684
36	51	0.0162614
36	52	0.0221113
36	53	0.0167963
36	54	0.0160541
36	55	0.0170381
36	56	0.019717
36	57	0.0138926
36	58	0.0169349
36	59	0
36	60	0.0157453
36	61	0.0158854
36	63	0.0171764
36	64	0.0117049
36	65	0.0136645
36	66	0.0194124
36	67	0.0119961
36	68	0.01981
36	69	0
36	70	0.020783
36	71	0.0163834
36	72	0.0140359
36	73	0.0119083
36	74	0.00832581
36	75	0.0140274
36	76	0.0143662
36	77	0.0233937
38	38	0
38	39	0
38	42	0
38	44	0
38	46	0
38	51	0
38	53	0
38	54	0
38	55	0
38	57	0
38	58	0
38	64	0
38	65	0
38	66	0
38	70	0
39	39	51.3903
39	40	3.99832
39	41	0.0140625
39	42	0.0105399
39	43	0.00931418
39	44	0.0156333
39	45	0.0167306
39	46	0.0130609
39	47	0.0115717
39	48	0.0119274
39	49	0.0201133
39	50	0.0173276
39	51	0.0153129
39	52	0.0171036
39	53	0.0163332
39	54	0.0200602
39	55	0.0180348
39	56	0.0118076
39	57	0.0132747
39	58	0.0170293
39	59	0
39	60	0.0162391
39	61	0.0139261
39	62	0
39	63	0.0169098
39	64	0.0216289
39	65	0.0158547
39	66	0.0150159
39	67	0.0159073
39	68	0.0109453
39	69	0
39	70	0.013014
39	71	0.0161292
39	72	0.0149284
39	73	0.0128959
39	74	0.00858692
39	75	0.0149195
39	76	0.0119674
39	77	0.0222081
40	40	316.316
40	41	0.00419548
40	43	0.0363776
40	44	0.0149252
40	45	0.029949
40	46	0.0561121
40	47	0.0103571
40	48	0.0284679
40	49	0.0174566
40	50	0.00670654
40	51	0.0156636
40	52	0.0306166
40	53	0.0132898
40	54	0.0273594
40	55	0.00993343
40	56	0.0176138
40	57	0.00905245
40	58	0.00937961
40	60	0.00726728
40	61	0.0117311
40	63	0.00648639
40	64	0.00720323
40	65	0.0141905
40	66	0.0140241
40	67	0.0284752
40	68	0.0156743
40	70	0.0219256
40	71	0.032997
40	72	0.0194349
40	73	0.00659557
40	74	0.0153712
40	75	0.0097116
40	76	0.0244829
40	77	0.023558
41	41	58.5829
41	42	0.830211
41	43	0.0151684
41	44	0.00933509
41	45	0.0147179
41	46	0.00731161
41	47	0.0105266
41	48	0.0111284
41	49	0.0177423
41	50	0.0152056
41	51	0.0134708
41	52	0.0191494
41	53	0.0170401
41	54	0.0192511
41	55	0.0166973
41	56	0.023135
41	57	0.0141548
41	58	0.0190663
41	59	0
41	60	0.0102271
41	61	0.0119232
41	62	0
41	63	0.00912816
41	64	0.0191476
41	65	0.0173813
41	66	0.0146191
41	67	0.0163259
41	68	0.0147054
41	69	0
41	70	0.0197132
41	71	0.0193483
41	72	0.0159544
41	73	0.016501
41	74	0.00721053
41	75	0.0136669
41	76	0.0172271
41	77	0.0193391
42	42	61.6646
42	43	0.015047
42	44	0.0197554
42	45	0.0127418
42	46	0.0108312
42	47	0.0119953
42	48	0.0164854
42	49	0.0144412
42	50	0.0194183
42	51	0.018789
42	52	0.0172231
42	53	0.0211089
42	54	0.0226335
42	55	0.0168461
42	56	0.0192341
42	57	0.0194709
42	58	0.0217264
42	59	0
42	60	0.0144287
42	61	0.0135867
42	63	0.0193175
42	64	0.0166852
42	65	0.0211308
42	66	0.0123751
42	67	0.0164896
42	68	0.0103735
42	69	0
42	70	0.0145106
42	71	0.00682433
42	72	0.0176856
42	73	0.0163689
42	74	0.0178025
42	75	0.0257091
42	76	0.0141777
42	77	0.0136421
43	43	86.3486
43	44	1.41479
43	45	0.0106345
43	46	0.0253586
43	47	0.0152121
43	48	0.00643272
43	49	0.0108475
43	50	0.0128812
43	51	0.0203516
43	52	0.023522
43	53	0.0198199
43	54	0.0170011
43	55	0.0134676
43	56	0.0143283
43	57	0.0225008
43	58	0.0137764
43	60	0.0131371
43	61	0.0159049
43	63	0.0127026
43	64	0.0179044
43	65	0.017636
43	66	0.016901
43	67	0.0289547
43	68	0.0129867
43	70	0.0210561
43	71	0.00745613
43	72	0.0109789
43	73	0.016394
43	74	0.0191033
43	75	0.0219447
43	76	0.0193629
43	77	0.0106465
44	44	97.9795
44	45	0.0190393
44	46	0.0234096
44	47	0.00576122
44	48	0.0277122
44	49	0.0109242
44	50	0.0186529
44	51	0.0119804
44	52	0.0119215
44	53	0.0155244
44	54	0.0142677
44	55	0.0138139
44	56	0.0127372
44	57	0.0125888
44	58	0.0195656
44	60	0.0181912
44	61	0.0130511
44	62	0
44	63	0.020446
44	64	0.014024
44	65	0.0105248
44	66	0.0208027
44	67	0.0184795
44	68	0.0159848
44	69	0
44	70	0.0259171
44	71	0.0137662
44	72	0.022973
44	73	0.0220131
44	74	0.00855037
44	75	0.00810325
44	76	0.0136188
44	77	0.0196565
45	45	60.513
45	46	1.40772
45	47	0.016515
45	48	0.0226969
45	49	0.012526
45	50	0.0144369
45	51	0.0124883
45	52	0.0068348
45	53	0.0127148
45	54	0.0130878
45	55	0.0154435
45	56	0.0146048
45	57	0.0158781
45	58	0.0104694
45	60	0.0115881
45	61	0.0177707
45	62	0
45	63	0.0127563
45	64	0.0126346
45	65	0.0124452
45	66	0.0171444
45	67	0.0128649
45	68	0.0166624
45	69	0
45	70	0.0174808
45	71	0.0223617
45	72	0.0147203
45	73	0.017879
45	74	0.0147062
45	75	0.0309714
45	76	0.0165917
45	77	0.0169041
46	46	127.849
46	47	0.0162447
46	48	0.0049612
46	49	0.0121689
46	50	0.0175316
46	51	0.021838
46	52	0.0149399
46	53	0.0176021
46	54	0.015496
46	55	0.0138491
46	56	0.0171898
46	57	0.0126208
46	58	0.0147116
46	60	0.0151979
46	61	0.0245331
46	63	0.0158257
46	64	0.015064
46	65	0.0107165
46	66	0.0244403
46	67	0.0181957
46	68	0.0145686
46	69	0
46	70	0.0171947
46	71	0.0201267
46	72	0.0118544
46	73	0.0160921
46	74	0.0160728
46	76	0.0170669
46	77	0.0143694
47	47	65.0627
47	48	3.27466
47	49	0.0151613
47	50	0.0168269
47	51	0.013604
47	52	0.013
47	53	0.0128249
47	54	0.0158413
47	55	0.0225269
47	56	0.0190372
47	57	0.0157243
47	58	0.0108617
47	60	0.0182339
47	61	0.0169811
47	62	0
47	63	0.0146054
47	64	0.0152927
47	65	0.014607
47	66	0.0180446
47	67	0.0109916
47	68	0.0201679
47	69	0
47	70	0.0190426
47	71	0.012737
47	72	0.0150039
47	73	0.0165485
47	74	0.0148334
47	75	0.0224924
47	76	0.0153571
47	77	0.0113669
48	48	189.728
48	49	0.0277819
48	50	0.0231256
48	51	0.0207737
48	52	0.016242
48	53	0.0211506
48	54	0.0163283
48	55	0.0118567
48	56	0.018688
48	57	0.0144069
48	58	0.0174155
48	60	0.0115658
48	61	0.0124466
48	63	0.025234
48	64	0.0171958
48	65	0.0125467
48	66	0.0198393
48	67	0.00755299
48	68	0.00831517
48	69	0
48	70	0.0116314
48	71	0.0262571
48	72	0.0154652
48	73	0.00699785
48	74	0.0122315
48	75	0.00515196
48	76	0.00974105
48	77	0.0249948
49	49	51.971
49	50	0.549229
49	51	0.01656
49	52	0.0149394
49	53	0.0103757
49	54	0.0100125
49	55	0.0157529
49	56	0.0103136
49	57	0.0184048
49	58	0.0167816
49	59	0
49	60	0.0141843
49	61	0.0114485
49	63	0.0144185
49	64	0.0158167
49	65	0.0134639
49	66	0.0159672
49	67	0.019298
49	68	0.0144468
49	69	0
49	70	0.017831
49	71	0.0174427
49	72	0.0102736
49	73	0.0193099
49	74	0.0175009
49	75	0.00789798
49	76	0.0179197
49	77	0.0153269
50	50	41.7932
50	51	0.0146817
50	52	0.0122442
50	53	0.0169412
50	54	0.0166688
50	55	0.0136558
50	56	0.0140882
50	57	0.0209297
50	58	0.0181694
50	60	0.0145317
50	61	0.0124619
50	63	0.0129702
50	64	0.0175544
50	65	0.0156656
50	66	0.0128529
50	67	0.0166073
50	68	0.021548
50	69	0
50	70	0.0157559
50	71	0.0175262
50	72	0.0151805
50	73	0.0164857
50	74	0.0153682
50	75	0.0121371
50	76	0.0168287
50	77	0.0125127
51	51	49.3104
51	52	0.964264
51	53	0.013577
51	54	0.0214621
51	55	0.015947
51	56	0.016452
51	57	0.0217991
51	58	0.0177957
51	59	0
51	60	0.0180305
51	61	0.0162649
51	62	0
51	63	0.0116754
51	64	0.0120896
51	65	0.0144972
51	66	0.0150094
51	67	0.020779
51	68	0.0236383
51	69	0
51	70	0.0111997
51	71	0.0120393
51	72	0.0148912
51	73	0.0144388
51	74	0.0168251
51	75	0.0184256
51	76	0.0133993
51	77	0.0120336
52	52	78.9843
52	53	0.0157712
52	54	0.0109267
52	55	0.0147352
52	56	0.0209025
52	57	0.00826361
52	58	0.0160542
52	59	0
52	60	0.0149265
52	61	0.0133861
52	63	0.0177635
52	64	0.0156169
52	65	0.0145732
52	66	0.0149357
52	67	0.0119138
52	68	0.0143084
52	69	0
52	70	0.0212659
52	71	0.0150608
52	72	0.0177413
52	73	0.0135469
52	74	0.0228016
52	75	0.019947
52	76	0.0139684
52	77	0.020161
53	53	34.4468
53	54	0.532906
53	55	0.0182044
53	56	0.0212871
53	57	0.0192801
53	58	0.0190478
53	59	0
53	60	0.0136783
53	61	0.0185937
53	62	0
53	63	0.0141361
53	64	0.0156984
53	65	0.0201489
53	66	0.0171341
53	67	0.0108131
53	68	0.0201854
53	69	0
53	70	0.0222628
53	71	0.0204296
53	72	0.0125141
53	73	0.00980052
53	74	0.0121816
53	75	0.0144307
53	76	0.0169772
53	77	0.0140022
54	54	42.2458
54	55	0.0161429
54	56	0.0170623
54	57	0.0173073
54	58	0.0197261
54	59	0
54	60	0.019452
54	61	0.0171953
54	63	0.0110234
54	64	0.0165262
54	65	0.015977
54	66	0.0166834
54	67	0.0205668
54	68	0.0139849
54	69	0
54	70	0.0160691
54	71	0.0178746
54	72	0.0136244
54	73	0.0142914
54	74	0.014694
54	75	0.014854
54	76	0.0132624
54	77	0.00675606
55	55	31.1125
55	56	0.442443
55	57	0.0175947
55	58	0.0186646
55	59	0
55	60	0.017488
55	61	0.014115
55	62	0
55	63	0.0152087
55	64	0.0173339
55	65	0.0205764
55	66	0.0160085
55	67	0.0131775
55	68	0.0149908
55	69	0
55	70	0.0142051
55	71	0.0129795
55	72	0.0152896
55	73	0.0164821
55	74	0.017072
55	75	0.017977
55	76	0.0135959
55	77	0.0174431
56	56	43.5415
56	57	0.0112909
56	58	0.0135461
56	59	0
56	60	0.020991
56	61	0.0184825
56	63	0.0164645
56	64	0.0146588
56	65	0.0127312
56	66	0.01473
56	67	0.0168236
56	68	0.0123475
56	69	0
56	70	0.0143933
56	71	0.0129967
56	72	0.0178615
56	73	0.0147211
56	74	0.0161449
56	75	0.0127506
56	76	0.0208936
56	77	0.0131451
57	57	61.9715
57	58	0.831477
57	59	0
57	60	0.0147111
57	61	0.00791577
57	63	0.0182366
57	64	0.019442
57	65	0.0171557
57	66	0.0157716
57	67	0.00800587
57	68	0.0105765
57	69	0
57	70	0.01387
57	71	0.0250484
57	72	0.0155728
57	73	0.014464
57	74	0.0155579
57	75	0.0163826
57	76	0.0196177
57	77	0.0129156
58	58	65.6367
58	59	0
58	60	0.0190535
58	61	0.0112775
58	63	0.0139828
58	64	0.0163675
58	65	0.0177757
58	66	0.0163416
58	67	0.0174199
58	68	0.00821904
58	69	0
58	70	0.0172455
58	71	0.0115349
58	72	0.0203819
58	73	0.0138339
58	74	0.0188069
58	75	0.0101848
58	76	0.0181871
58	77	0.0082353
59	59	0
59	60	0
59	61	0
59	63	0
59	64	0
59	65	0
59	66	0
59	67	0
59	68	0
59	71	0
59	72	0
59	73	0
59	74	0
59	77	0
60	60	96.3049
60	61	1.25506
60	62	0
60	63	0.0128835
60	64	0.00975496
60	65	0.0121711
60	66	0.00886298
60	67	0.0218521
60	68	0.0268874
60	69	0
60	70	0.0133617
60	71	0.0201087
60	72	0.0131598
60	73	0.0196505
60	74	0.00208164
60	75	0.0236734
60	76	0.00828897
60	77	0.0111662
61	61	76.9486
61	62	0
61	63	0.0174884
61	64	0.0133848
61	65	0.0139597
61	66	0.0255482
61	67	0.0155623
61	68	0.0182749
61	69	0
61	70	0.0107845
61	71	0.0126235
61	72	0.0148702
61	73	0.00720924
61	74	0.011761
61	75	0.0212304
61	76	0.0160565
61	77	0.0193124
62	62	0
62	63	0
62	64	0
62	65	0
62	66	0
62	67	0
62	71	0
62	72	0
62	75	0
62	76	0
62	77	0
63	63	25.0248
63	64	0.367715
63	65	0.016009
63	66	0.0184581
63	67	0.0107081
63	68	0.0117886
63	69	0
63	70	0.0159013
63	71	0.0139595
63	72	0.014878
63	73	0.0138186
63	74	0.0136251
63	75	0.0187819
63	76	0.0138101
63	77	0.0170851
64	64	44.0268
64	65	0.0161909
64	66	0.0144323
64	67	0.0152891
64	68	0.0182345
64	69	0
64	70	0.0110366
64	71	0.0210388
64	72	0.0156526
64	73	0.010624
64	74	0.017538
64	75	0.0117324
64	76	0.0147887
64	77	0.0118583
65	65	29.8975
65	66	0.505181
65	67	0.0154782
65	68	0.016119
65	69	0
65	70	0.0120791
65	71	0.0152699
65	72	0.0167028
65	73	0.0226736
65	74	0.0162589
65	75	0.0145527
65	76	0.015646
65	77	0.0124593
66	66	57.6898
66	67	0.0173638
66	68	0.0136543
66	69	0
66	70	0.0105049
66	71	0.0114978
66	72	0.0135441
66	73	0.00804379
66	74	0.0227634
66	75	0.02538
66	76	0.0138629
66	77	0.0123132
67	67	58.612
67	68	0.657991
67	69	0
67	70	0.0232688
67	71	0.0160502
67	72	0.0171879
67	73	0.0174991
67	74	0.00951586
67	75	0.0154599
67	76	0.014074
67	77	0.0177092
68	68	69.7275
68	69	0
68	70	0.0128084
68	71	0.0144571
68	72	0.0179763
68	73	0.011559
68	74	0.0194556
68	75	0.0132377
68	76	0.0107268
68	77	0.0114684
69	69	0
69	72	0
69	73	0
69	74	0
69	76	0
69	77	0
70	70	74.6758
70	71	1.77961
70	72	0.0138962
70	73	0.0188637
70	74	0.0188411
70	75	0.00991992
70	76	0.00750241
70	77	0.00962533
71	71	113.749
71	72	0.0104566
71	73	0.0162223
71	74	0.00945167
71	75	0.0238864
71	76	0.028227
71	77	0.0235392
72	72	59.9298
72	73	0.987725
72	74	0.0180925
72	75	0.00879304
72	76	0.0199505
72	77	0.0138644
73	73	91.9241
73	74	0.0151139
73	75	0.00716178
73	76	0.0180548
73	77	0.0144773
74	74	97.5315
74	75	1.2379
74	76	0.0192854
74	77	0.0253048
75	75	142.042
75	76	0.0155077
75	77	0.00852679
76	76	88.2244
76	77	0.885365
77	77	75.5455
