1	1	84.0618
1	2	0.882179
1	3	0.0197735
1	4	0.0153128
1	6	0.0158253
1	7	0.0169087
1	8	0.0184828
1	9	0.0166039
1	12	0.00867911
1	13	0.0149382
1	14	0.0159573
1	15	0.00960778
1	16	0.0127251
1	17	0.0137606
1	18	0.0103826
1	19	0.0138256
1	20	0.0103468
1	21	0.0146269
1	22	0.0166434
1	23	0.0130843
1	24	0.013689
1	25	0.00592819
1	26	0.0237157
1	27	0.0105421
1	28	0.0040941
1	30	0.0111393
1	32	0.0312866
1	33	0.020524
1	34	0.0163605
1	35	0.023761
1	36	0.0147154
1	39	0.0157474
1	40	0.0202813
1	41	0.00441341
1	42	0.0174411
1	43	0.015182
1	44	0.00575194
1	45	0.0132369
1	46	0.0105858
1	47	0.0132942
1	48	0
1	49	0.0220879
1	50	0.0139426
1	51	0.00919798
1	52	0.0309151
1	53	0.0120322
1	54	0.0220633
1	55	0.0120433
1	56	0.00437207
1	57	0.0216647
1	58	0.0133395
1	59	0
1	60	0.00914696
1	61	0.0152225
1	62	0
1	63	0.0141302
1	64	0.0167623
1	65	0.0143124
1	66	0.0147404
1	67	0.012838
1	68	0.011192
1	70	0.0145201
1	71	0.0198532
1	72	0.0253673
1	73	0.027606
1	74	0.028854
1	75	0.0347109
1	76	0.014838
1	77	0.0150726
2	2	91.203
2	3	1.02561
2	4	0.0276798
2	6	0.0248422
2	7	0.0154833
2	8	0.0193425
2	9	0.0173763
2	11	0
2	12	0.0136242
2	13	0.0128743
2	14	0.0166995
2	15	0.0160875
2	16	0.00819507
2	17	0.0134406
2	18	0.0177801
2	19	0.0144687
2	20	0.00984372
2	21	0.0202275
2	22	0.0148049
2	23	0.0139374
2	24	0.011192
2	25	0.00827193
2	26	0.0193035
2	27	0.01471
2	28	0.0171382
2	30	0.0116575
2	32	0.0491129
2	33	0.0107393
2	34	0.015565
2	35	0.0124332
2	36	0.0230999
2	38	0
2	39	0.0164799
2	40	0.0318371
2	41	0.0169352
2	42	0.0106472
2	43	0.0147533
2	44	0.0105341
2	45	0.0230877
2	46	0.0110782
2	47	0.0243471
2	48	0
2	49	0.0231153
2	50	0.00729556
2	51	0.0192517
2	52	0.0174209
2	53	0.00956984
2	54	0.0131049
2	55	0.0220561
2	56	0.0228772
2	57	0.0136034
2	58	0.0153561
2	60	0.0165342
2	61	0.0166548
2	62	0
2	63	0.0147875
2	64	0.0145175
2	65	0.0182661
2	66	0.0161272
2	67	0.0134352
2	68	0.0156168
2	69	0
2	70	0.0091173
2	71	0.0103884
2	72	0.0132736
2	73	0.00577802
2	74	0.0100654
2	76	0.0132278
2	77	0.0189285
3	3	88.8452
3	4	1.13952
3	6	0.017946
3	7	0.0221244
3	8	0.00846443
3	9	0.0142204
3	11	0
3	12	0.0145361
3	13	0.0174766
3	14	0.0125277
3	15	0.0191086
3	16	0.011271
3	17	0.0144042
3	18	0.0187724
3	19	0.0173666
3	20	0.0147692
3	21	0.00929597
3	22	0.0261327
3	23	0.0156529
3	24	0.0201504
3	25	0.0165479
3	26	0.0248249
3	27	0.00919601
3	28	0.0192851
3	30	0.0129559
3	32	0.0327499
3	33	0.0322258
3	34	0.0108981
3	35	0.0124362
3	36	0.0184844
3	38	0
3	39	0.0190199
3	40	0.0212299
3	41	0.00769972
3	42	0.0121712
3	43	0.0181624
3	44	0.0165577
3	45	0.0230934
3	46	0.0110809
3	49	0.023121
3	50	0.0182434
3	51	0.016047
3	52	0.0149359
3	53	0.0130988
3	54	0.0143565
3	55	0.0157582
3	56	0.00915311
3	57	0.0151186
3	58	0.0139635
3	60	0.0130565
3	61	0.00796726
3	62	0
3	63	0.0181191
3	64	0.013311
3	65	0.0168089
3	66	0.00911762
3	67	0.0172781
3	68	0.0156206
3	69	0
3	70	0.018239
3	71	0.0103909
3	72	0.0243409
3	73	0.0173383
3	74	0.0151018
3	75	0.00605573
3	76	0.0138063
3	77	0.0170398
4	4	109.456
4	6	0.0171047
4	7	0.0161988
4	8	0.0108965
4	9	0.0160181
4	11	0
4	12	0.0184203
4	13	0.0145054
4	14	0.0141114
4	15	0.0181256
4	16	0.0184666
4	17	0.00865337
4	18	0.014468
4	19	0.0152149
4	20	0.0110908
4	21	0.0190944
4	22	0.0127557
4	23	0.0157032
4	24	0.0151318
4	25	0.0232997
4	26	0.00932103
4	27	0.0145019
4	28	0.014482
4	30	0.011675
4	33	0.0241998
4	34	0.0122758
4	35	0.0140083
4	36	0.0138807
4	39	0.0128546
4	40	0.0239137
4	41	0.0173462
4	42	0.0154235
4	43	0.0127865
4	44	0.0169553
4	45	0.0260127
4	47	0.0156752
4	48	0
4	49	0.0104175
4	50	0.00410992
4	51	0.0216906
4	52	0.016824
4	53	0.022132
4	54	0.0140621
4	55	0.0177503
4	56	0.0051551
4	57	0.0204358
4	58	0.0220201
4	60	0.016668
4	61	0.0122379
4	63	0.0154114
4	64	0.0211275
4	65	0.0160526
4	66	0.0205404
4	67	0.0281121
4	68	0.00879766
4	70	0.0102724
4	71	0.0292611
4	72	0.0149553
4	73	0.00651004
4	74	0.0170109
4	75	0.0204638
4	76	0.0161996
4	77	0.0142177
6	6	98.8741
6	7	1.08956
6	8	0.0232263
6	9	0.0286633
6	12	0.016481
6	13	0.0147232
6	14	0.0167105
6	15	0.0182445
6	16	0.0153075
6	17	0.0112719
6	18	0.0115976
6	19	0.00823646
6	20	0.0105068
6	21	0.0157549
6	22	0.0213795
6	23	0.0156593
6	24	0.0157686
6	25	0.0286948
6	26	0.0117737
6	27	0.00785049
6	28	0.0182927
6	30	0.0110603
6	34	0.0132908
6	35	0.0159249
6	36	0.0131499
6	39	0.0135308
6	40	0.0113273
6	41	0.0131463
6	42	0.00811747
6	43	0.0230151
6	44	0.0160625
6	45	0.024643
6	46	0.0118245
6	47	0.0259872
6	49	0.0148035
6	50	0.0155741
6	51	0.03596
6	52	0.0132818
6	53	0.015053
6	54	0.0179842
6	55	0.0168157
6	56	0.029302
6	57	0.0193598
6	58	0.00894029
6	60	0.0139327
6	61	0.0131393
6	62	0
6	63	0.0134161
6	64	0.0161412
6	65	0.0152074
6	66	0.0164652
6	67	0.0225347
6	68	0.0145853
6	69	0
6	70	0.0227068
6	71	0.00554408
6	72	0.0165291
6	73	0.00925089
6	74	0.00537173
6	75	0.00646211
6	76	0.0171882
6	77	0.0175098
7	7	74.6675
7	8	1.04952
7	9	0.0351293
7	12	0.0163144
7	13	0.0173042
7	14	0.0142835
7	15	0.00946005
7	16	0.0105142
7	17	0.0188865
7	18	0.0126731
7	19	0.0156755
7	20	0.0117874
7	21	0.0149631
7	22	0.0163875
7	23	0.0144307
7	24	0.013019
7	25	0.0141504
7	26	0.0165108
7	27	0.00786367
7	28	0.0219881
7	30	0.0177261
7	32	0.0420075
7	33	0.0183712
7	34	0.0159758
7	35	0.0148882
7	36	0.0105376
7	39	0.0140957
7	40	0.0181541
7	41	0.015802
7	42	0.0130098
7	43	0.00873616
7	44	0.0128716
7	45	0.0118485
7	46	0.00947547
7	47	0.0208247
7	48	0
7	49	0.0118627
7	50	0.0124802
7	51	0.0164664
7	52	0.0149006
7	53	0.0150782
7	54	0.013344
7	55	0.0188652
7	56	0.015654
7	57	0.0180995
7	58	0.0131344
7	59	0
7	60	0.0104205
7	61	0.017342
7	62	0
7	63	0.015494
7	64	0.0118998
7	65	0.0165609
7	66	0.0179922
7	67	0.00984984
7	68	0.0233756
7	69	0
7	70	0.0155965
7	71	0.0222136
7	72	0.0189221
7	73	0.0197684
7	74	0.00430459
7	75	0.0207134
7	76	0.0152494
7	77	0.0140314
8	8	89.3412
8	9	1.58029
8	11	0
8	12	0.016984
8	13	0.0197749
8	14	0.0117099
8	15	0.0206814
8	16	0.0220282
8	17	0.0134639
8	18	0.0120059
8	19	0.0180367
8	20	0.0230085
8	21	0.012267
8	22	0.0154704
8	23	0.021718
8	24	0.0146495
8	25	0.0116008
8	26	0.0154696
8	27	0.0275063
8	28	0.0220321
8	30	0.0133212
8	32	0.015306
8	33	0.0100407
8	34	0.005821
8	35	0.0232488
8	36	0.0187176
8	39	0.0177783
8	41	0.0158336
8	42	0.0113767
8	43	0.0169768
8	44	0.0098489
8	47	0.0227633
8	49	0.0172894
8	50	0.013642
8	51	0.0149995
8	52	0.00930726
8	53	0.0207201
8	54	0.0151697
8	55	0.00883775
8	56	0.0128334
8	57	0.0141317
8	58	0.013052
8	59	0
8	60	0.0154587
8	61	0.0182795
8	62	0
8	63	0.0145169
8	64	0.0152698
8	65	0.0181026
8	66	0.0104892
8	67	0.0233281
8	68	0.014601
8	70	0.0227313
8	71	0.0194252
8	72	0.0248204
8	73	0.0270109
8	74	0.0376426
8	75	0.0113209
8	76	0.0118296
8	77	0.0153376
9	9	127.585
9	11	0
9	12	0.0088771
9	13	0.014605
9	14	0.012751
9	15	0.0147404
9	16	0.0150177
9	17	0.018766
9	18	0.0241352
9	19	0.0188546
9	20	0.0108234
9	21	0.0200365
9	22	0.00957547
9	23	0.0176246
9	24	0.0191423
9	25	0.0202114
9	26	0.0134759
9	27	0.0179711
9	28	0.00523437
9	30	0.0142418
9	34	0.0133109
9	35	0.0212652
9	36	0.0225767
9	38	0
9	39	0.0139384
9	41	0.0169278
9	42	0.0297316
9	43	0.0263427
9	44	0.0128694
9	45	0.0112824
9	47	0.0127477
9	48	0
9	49	0.0169438
9	50	0.0133693
9	51	0.0137197
9	52	0.0273637
9	53	0.0123067
9	54	0.0167725
9	55	0.00769877
9	56	0.0111795
9	57	0.0240055
9	58	0.0153493
9	59	0
9	60	0.0148839
9	61	0.017693
9	62	0
9	63	0.0149042
9	64	0.0125629
9	65	0.0165134
9	66	0.0145627
9	67	0.0164136
9	68	0.0238486
9	69	0
9	70	0.00742566
9	71	0.0126913
9	72	0.027027
9	73	0.0105884
9	74	0.0184451
9	75	0.0221892
9	76	0.0133497
9	77	0.013104
11	11	0
11	12	0
11	13	0
11	14	0
11	15	0
11	16	0
11	17	0
11	18	0
11	19	0
11	20	0
11	21	0
11	22	0
11	23	0
11	24	0
11	25	0
11	26	0
11	27	0
11	34	0
11	35	0
11	36	0
11	39	0
11	41	0
11	42	0
11	43	0
11	44	0
11	45	0
11	47	0
11	48	0
11	51	0
11	53	0
11	54	0
11	55	0
11	57	0
11	58	0
11	60	0
11	61	0
11	62	0
11	63	0
11	64	0
11	65	0
11	66	0
11	67	0
11	68	0
11	70	0
11	71	0
11	74	0
11	76	0
11	77	0
12	12	76.7474
12	13	0.932137
12	14	0.027127
12	15	0.0226014
12	16	0.0194287
12	17	0.0107902
12	18	0.010408
12	19	0.0115187
12	20	0.0124465
12	21	0.0184331
12	22	0.0134585
12	23	0.0144279
12	24	0.0194973
12	25	0.0174319
12	26	0.0135598
12	27	0.00645818
12	28	0.0180581
12	30	0.0163777
12	33	0.0150877
12	34	0.012027
12	35	0.0296946
12	36	0.0151448
12	38	0
12	39	0.00979534
12	40	0.0298187
12	41	0.020548
12	42	0.0170952
12	43	0.0143495
12	44	0.0147994
12	45	0.0227052
12	46	0.00778191
12	47	0.0146594
12	48	0
12	49	0.00974245
12	50	0.00512478
12	51	0.0101425
12	52	0.0244747
12	53	0.0201671
12	54	0.015781
12	55	0.0221334
12	56	0.0192841
12	57	0.0106175
12	58	0.0186319
12	59	0
12	60	0.0110032
12	61	0.0167858
12	62	0
12	63	0.0173991
12	64	0.0169965
12	65	0.0177069
12	66	0.0177317
12	67	0.0188752
12	68	0.0109701
12	69	0
12	70	0.0106741
12	71	0.021892
12	72	0.00777007
12	73	0.0162351
12	74	0.0106057
12	75	0.0255169
12	76	0.0165638
12	77	0.0177285
13	13	76.0622
13	14	1.11864
13	15	0.0200226
13	16	0.0152994
13	17	0.0184352
13	18	0.0140502
13	19	0.0171502
13	20	0.00630078
13	21	0.012053
13	22	0.0123874
13	23	0.0163466
13	24	0.0152827
13	25	0.0132368
13	26	0.0137287
13	27	0.0196158
13	28	0.0152358
13	30	0.0119756
13	32	0.0349291
13	33	0.00763782
13	34	0.0110698
13	35	0.010611
13	36	0.0142382
13	38	0
13	39	0.0216378
13	40	0.0226426
13	41	0.0164241
13	42	0.0140628
13	43	0.020178
13	44	0.0139135
13	45	0.006568
13	46	0.00787883
13	47	0.014842
13	48	0
13	49	0.0295914
13	50	0.0181601
13	51	0.0193967
13	52	0.0159297
13	53	0.0171943
13	54	0.0119831
13	55	0.00896362
13	56	0.0260324
13	57	0.0204245
13	58	0.0178711
13	59	0
13	60	0.0148537
13	61	0.0128749
13	63	0.0128832
13	64	0.0236612
13	65	0.0153292
13	66	0.0154592
13	67	0.0136502
13	68	0.012495
13	69	0
13	70	0.0172913
13	71	0.0147764
13	72	0.0188804
13	73	0.0164373
13	74	0.0250548
13	75	0.00861159
13	76	0.0188152
13	77	0.00942337
14	14	98.9569
14	15	1.05834
14	16	0.0173645
14	17	0.0224734
14	18	0.021528
14	19	0.0132363
14	20	0.0158917
14	21	0.012356
14	22	0.0133564
14	23	0.0159872
14	24	0.0191523
14	25	0.0116849
14	26	0.0178077
14	27	0.0103897
14	28	0.02248
14	30	0.0146376
14	32	0.0396438
14	33	0.0173375
14	34	0.0201024
14	35	0.0120432
14	36	0.0211323
14	39	0.0122792
14	41	0.0149128
14	42	0.0196443
14	43	0.013741
14	44	0.0121473
14	45	0.0223636
14	46	0.0178846
14	47	0.0112302
14	48	0
14	49	0.0149269
14	50	0.0117779
14	51	0.0116549
14	52	0.0120532
14	53	0.0138232
14	54	0.0231714
14	55	0.0178036
14	56	0.0110798
14	57	0.015861
14	58	0.0101417
14	60	0.0119415
14	61	0.0233803
14	62	0
14	63	0.0214856
14	64	0.0214839
14	65	0.0150392
14	66	0.0209418
14	67	0.0108449
14	68	0.0110301
14	69	0
14	70	0.0147189
14	71	0.00419272
14	72	0.0178574
14	73	0.013992
14	74	0.0162495
14	75	0.0195479
14	76	0.0129986
14	77	0.0173162
15	15	74.1853
15	16	0.0127452
15	17	0.0216498
15	18	0.0153623
15	19	0.0120011
15	20	0.0137783
15	21	0.0097776
15	22	0.019639
15	23	0.015021
15	24	0.0205392
15	25	0.0144729
15	26	0.00857755
15	27	0.0228775
15	28	0.00499758
15	30	0.0211518
15	32	0.0381909
15	33	0.0167021
15	34	0.00968286
15	35	0.0212701
15	36	0.0119752
15	38	0
15	39	0.0167581
15	40	0.0330094
15	41	0.0119719
15	42	0.0141933
15	43	0.0123549
15	44	0.016383
15	45	0.021544
15	46	0.0516875
15	47	0.008114
15	48	0
15	49	0.00718994
15	50	0.0170194
15	51	0.0124753
15	52	0.00580576
15	53	0.0195833
15	54	0.0131022
15	55	0.00980067
15	56	0.00711586
15	57	0.0141043
15	58	0.0119411
15	60	0.0182708
15	61	0.0118248
15	63	0.0123614
15	64	0.0164632
15	65	0.0122154
15	66	0.0136313
15	67	0.0119399
15	68	0.0151799
15	69	0
15	70	0.0141795
15	71	0.0161563
15	72	0.00688118
15	73	0.0112327
15	74	0.0273945
15	75	0.0141236
15	76	0.0134167
15	77	0.0142285
16	16	78.7393
16	17	0.99561
16	18	0.0195641
16	19	0.0244538
16	20	0.0241757
16	21	0.0134264
16	22	0.0117291
16	23	0.017047
16	24	0.0170242
16	25	0.0180218
16	26	0.0087389
16	27	0.0218511
16	28	0.0118804
16	30	0.0164188
16	32	0.0259395
16	33	0.0170163
16	34	0.0184969
16	35	0.0118201
16	36	0.0109804
16	39	0.0140604
16	40	0.00840757
16	41	0.0158563
16	42	0.0156653
16	43	0.0206791
16	44	0.0131145
16	45	0.00731644
16	47	0.0192888
16	48	0
16	49	0.0109878
16	50	0.0288993
16	51	0.017794
16	52	0.0295748
16	53	0.0143652
16	54	0.0158206
16	55	0.00998503
16	56	0.0108746
16	57	0.0155671
16	58	0.0143777
16	60	0.0151674
16	61	0.0149156
16	63	0.0155228
16	64	0.0129391
16	65	0.0179443
16	66	0.0149987
16	67	0.0212879
16	68	0.0154654
16	69	0
16	70	0.0120385
16	71	0.0123451
16	72	0.0157739
16	73	0.0205992
16	74	0.0159485
16	75	0.0239822
16	76	0.0232374
16	77	0.010997
17	17	72.1128
17	18	0.883761
17	19	0.0207693
17	20	0.0190029
17	21	0.0158304
17	22	0.0161653
17	23	0.0163394
17	24	0.0179493
17	25	0.0261025
17	26	0.0204751
17	27	0.0122872
17	28	0.015906
17	30	0.0182727
17	32	0.0121552
17	33	0.0239213
17	34	0.0161794
17	35	0.0166165
17	36	0.0171513
17	39	0.0150597
17	40	0.015759
17	41	0.0125741
17	42	0.0112934
17	43	0.0202229
17	44	0.0268163
17	45	0.0205707
17	46	0.00822538
17	47	0.0129124
17	48	0
17	49	0.0137302
17	50	0.0189589
17	51	0.014294
17	52	0.0147826
17	53	0.013089
17	54	0.0120469
17	55	0.0116974
17	56	0.0135887
17	57	0.0134671
17	58	0.0134746
17	59	0
17	60	0.010338
17	61	0.0123659
17	62	0
17	63	0.0139988
17	64	0.0130247
17	65	0.014376
17	66	0.0182216
17	67	0.022801
17	68	0.0159435
17	69	0
17	70	0.0112824
17	71	0.0269961
17	72	0.011498
17	73	0.0235955
17	74	0.0186835
17	75	0.00449519
17	76	0.0132375
17	77	0.0154595
18	18	76.9203
18	19	0.904883
18	20	0.0240639
18	21	0.017123
18	22	0.0119753
18	23	0.015504
18	24	0.0153899
18	25	0.0126384
18	26	0.0147466
18	27	0.0154516
18	28	0.0114559
18	30	0.00989508
18	32	0.0125064
18	33	0.0164083
18	34	0.0214032
18	35	0.0208959
18	36	0.0141174
18	39	0.0184001
18	40	0.0243215
18	41	0.0164658
18	42	0.0127816
18	43	0.0130045
18	44	0.0206933
18	45	0.0176375
18	46	0.0253891
18	47	0.0132854
18	48	0
18	49	0.0211904
18	50	0.0278667
18	51	0.014707
18	52	0.0133085
18	53	0.0169301
18	54	0.0119182
18	55	0.00481413
18	56	0.0174767
18	57	0.00808279
18	58	0.0159969
18	59	0
18	60	0.0172846
18	61	0.0154891
18	63	0.015533
18	64	0.0143252
18	65	0.0153495
18	66	0.0133915
18	67	0.0205273
18	68	0.0178954
18	69	0
18	70	0.0255384
18	71	0.00793603
18	72	0.0169003
18	73	0.00662105
18	74	0.011534
18	75	0.0185002
18	76	0.0166955
18	77	0.0159062
19	19	73.0683
19	20	0.900291
19	21	0.013866
19	22	0.013643
19	23	0.0160518
19	24	0.0140265
19	25	0.00925617
19	26	0.0246861
19	27	0.0123452
19	28	0.0127849
19	30	0.00966264
19	32	0.0244251
19	33	0.0400572
19	34	0.0209004
19	35	0.016695
19	36	0.0114882
19	39	0.0170222
19	41	0.0172275
19	42	0.00907738
19	43	0.0110058
19	44	0.0202072
19	45	0.0172232
19	46	0.0247927
19	47	0.0129733
19	48	0
19	49	0.0137951
19	50	0.0163273
19	51	0.0191487
19	52	0.0167089
19	53	0.0191626
19	54	0.0167591
19	55	0.0117526
19	56	0.0136529
19	57	0.0202961
19	58	0.0135383
19	59	0
19	60	0.0175278
19	61	0.017286
19	62	0
19	63	0.0146165
19	64	0.0153424
19	65	0.0109011
19	66	0.0136
19	67	0.0128861
19	68	0.0131063
19	69	0
19	70	0.0204042
19	71	0.00774961
19	72	0.029706
19	73	0.0150862
19	74	0.0150174
19	75	0.0180657
19	76	0.0141581
19	77	0.0131791
20	20	71.8841
20	21	0.0120696
20	22	0.0232049
20	23	0.0132166
20	24	0.0132919
20	25	0.0125948
20	26	0.0272921
20	27	0.0195978
20	28	0.0228327
20	30	0.0138053
20	32	0.0373895
20	33	0.00817583
20	34	0.00947968
20	35	0.0227168
20	36	0.0117239
20	39	0.0125461
20	40	0.0403959
20	41	0.0082045
20	42	0.0115796
20	43	0.00863975
20	44	0.0126023
20	45	0.0246073
20	46	0.0337353
20	47	0.0238312
20	48	0
20	49	0.0175977
20	50	0.0111082
20	51	0.017099
20	52	0.0132625
20	53	0.014571
20	54	0.0128272
20	55	0.0191901
20	56	0.00348327
20	57	0.0172605
20	58	0.0127533
20	59	0
20	60	0.00927498
20	61	0.0187432
20	63	0.0135092
20	64	0.0128942
20	65	0.0158528
20	66	0.0144129
20	67	0.00584469
20	68	0.0193197
20	69	0
20	70	0.0115683
20	71	0.0158173
20	72	0.0151578
20	73	0.010997
20	74	0.0229883
20	75	0.0230455
20	76	0.00963244
20	77	0.0124889
21	21	37.0524
21	22	0.683025
21	23	0.0136464
21	24	0.0140066
21	25	0.0183612
21	26	0.0139912
21	27	0.0186582
21	28	0.0153978
21	30	0.0131434
21	32	0.0415299
21	33	0.0181624
21	34	0.00592279
21	35	0.0157702
21	36	0.0149755
21	38	0
21	39	0.0192952
21	40	0.00448691
21	41	0.0221316
21	42	0.0115756
21	43	0.0115158
21	44	0.0171791
21	45	0.0175707
21	46	0.0234193
21	47	0.0249996
21	48	0
21	49	0.00977318
21	50	0.0185074
21	51	0.0189924
21	52	0.0199923
21	53	0.0123513
21	54	0.0124008
21	55	0.0159863
21	56	0.00967248
21	57	0.0159765
21	58	0.0135753
21	59	0
21	60	0.0150851
21	61	0.0171449
21	62	0
21	63	0.0162556
21	64	0.0176468
21	65	0.0152914
21	66	0.0195664
21	67	0.0137953
21	68	0.0272366
21	69	0
21	70	0.0102795
21	71	0.0153727
21	72	0.0140302
21	73	0.0183221
21	74	0.0191504
21	75	0.010239
21	76	0.0143465
21	77	0.0141386
22	22	59.4951
22	23	0.0182803
22	24	0.0168853
22	25	0.00557135
22	26	0.00928671
22	27	0.0185767
22	28	0.0187573
22	30	0.0122136
22	31	0
22	33	0.0072332
22	34	0.0125801
22	35	0.0234473
22	36	0.0155583
22	39	0.0196377
22	40	0.0214431
22	41	0.0145171
22	42	0.0194645
22	43	0.0152873
22	44	0.0172307
22	45	0.0124401
22	46	0.0149229
22	47	0.0163983
22	48	0
22	49	0.0062275
22	50	0.0122843
22	51	0.0237718
22	52	0.0100572
22	53	0.0159442
22	54	0.0142905
22	55	0.0127331
22	56	0.0215717
22	57	0.0213786
22	58	0.0141036
22	60	0.025203
22	61	0.0141437
22	62	0
22	63	0.0131967
22	64	0.0171113
22	65	0.0159935
22	66	0.016057
22	67	0.0232687
22	68	0.0144627
22	69	0
22	70	0.0143284
22	71	0.0209904
22	72	0.0163902
22	73	0.0233498
22	74	0.0169482
22	75	0.0244661
22	76	0.016269
22	77	0.0152986
23	23	16.3946
23	24	0.397048
23	25	0.0215087
23	26	0.0135586
23	27	0.0177336
23	28	0.0182302
23	30	0.0142067
23	31	0
23	32	0.0154792
23	33	0.014216
23	34	0.0138341
23	35	0.0173987
23	36	0.0128137
23	38	0
23	39	0.0186986
23	40	0.0220754
23	41	0.0183418
23	42	0.0166828
23	43	0.0156665
23	44	0.0165056
23	45	0.0122248
23	46	0.0167596
23	47	0.0105238
23	48	0
23	49	0.0122395
23	50	0.018625
23	51	0.0175962
23	52	0.0197663
23	53	0.0140014
23	54	0.0174655
23	55	0.0119169
23	56	0.0173048
23	57	0.0131482
23	58	0.0176875
23	59	0
23	60	0.0172792
23	61	0.0162952
23	62	0
23	63	0.0139121
23	64	0.014985
23	65	0.0166493
23	66	0.0144531
23	67	0.0145181
23	68	0.0155044
23	69	0
23	70	0.013793
23	71	0.0176804
23	72	0.014224
23	73	0.0191215
23	74	0.0152274
23	75	0.0171734
23	76	0.0164225
23	77	0.0151531
24	24	29.2411
24	25	0.0214798
24	26	0.0105025
24	27	0.0146424
24	28	0.0222514
24	30	0.0121084
24	31	0
24	32	0.0226723
24	33	0.0260278
24	34	0.022095
24	35	0.0120532
24	36	0.0207943
24	38	0
24	39	0.0201897
24	40	0.0146972
24	41	0.0154582
24	42	0.0131656
24	43	0.015324
24	44	0.0187571
24	45	0.00959233
24	46	0.00767116
24	47	0.0192677
24	48	0
24	49	0.0192076
24	50	0.0101037
24	51	0.0177746
24	52	0.0146482
24	53	0.0188337
24	54	0.0187973
24	55	0.014182
24	56	0.011089
24	57	0.0151763
24	58	0.00918338
24	59	0
24	60	0.0129557
24	61	0.0152933
24	62	0
24	63	0.0152315
24	64	0.0173829
24	65	0.0154311
24	66	0.0140806
24	67	0.0119614
24	68	0.0121657
24	69	0
24	70	0.0136789
24	71	0.0161853
24	72	0.0160849
24	73	0.0170044
24	74	0.022652
24	75	0.0188654
24	76	0.0143368
24	77	0.0146363
25	25	153.038
25	26	1.26138
25	27	0.014704
25	28	0.0137049
25	30	0.0165728
25	31	0
25	32	0.0261828
25	34	0.0149363
25	35	0.00795397
25	36	0.0123149
25	39	0.0101373
25	40	0.0339457
25	41	0.0147738
25	42	0.00973061
25	43	0.0127054
25	44	0.0168477
25	45	0.0221552
25	46	0.0177179
25	48	0
25	49	0.00739389
25	50	0.0175022
25	51	0.0128292
25	52	0.0159212
25	53	0.0144999
25	54	0.0139729
25	55	0.0251967
25	56	0.0292708
25	57	0.0145044
25	58	0.0267924
25	59	0
25	60	0.0167014
25	61	0.0104231
25	63	0.0124164
25	64	0.0183814
25	65	0.0134384
25	66	0.017943
25	67	0.00920895
25	68	0.0187325
25	69	0
25	70	0.0194423
25	71	0.0249219
25	72	0.00707637
25	73	0.0462053
25	75	0.0193657
25	76	0.0147171
25	77	0.019173
26	26	209.974
26	27	0.0274508
26	28	0.0137066
26	30	0.0138123
26	33	0.022904
26	34	0.0132783
26	35	0.00530329
26	36	0.0164219
26	39	0.0162217
26	41	0.0197008
26	42	0.0162197
26	43	0.0121018
26	44	0.00962844
26	45	0.0295438
26	46	0.0708802
26	47	0.0222538
26	48	0
26	49	0.0492986
26	50	0.0155594
26	51	0.0273723
26	52	0.0212308
26	53	0.0128904
26	54	0.01464
26	57	0.0128944
26	58	0.0119092
26	59	0
26	60	0.0111356
26	61	0.00926607
26	62	0
26	63	0.0149804
26	64	0.0141909
26	65	0.0140243
26	66	0.0194406
26	67	0.0204668
26	68	0.0249798
26	71	0.0110777
26	72	0.0188726
26	73	0.0246458
26	74	0.0107333
26	76	0.0122657
26	77	0.014802
27	27	154.222
27	28	2.08072
27	30	0.0128938
27	33	0.030544
27	34	0.0221344
27	35	0.0141446
27	36	0.0065699
27	39	0.0126191
27	41	0.0153256
27	42	0.019467
27	43	0.0177524
27	44	0.0235403
27	45	0.0328322
27	47	0.0148385
27	49	0.0131486
27	50	0.0207495
27	51	0.0114071
27	52	0.0247737
27	53	0.0136089
27	54	0.0195235
27	55	0.00448075
27	56	0.0195197
27	57	0.0236439
27	58	0.0218373
27	59	0
27	60	0.0160876
27	61	0.0164759
27	63	0.0126173
27	64	0.0146234
27	65	0.0181829
27	66	0.0189454
27	67	0.00818817
27	68	0.0111041
27	69	0
27	70	0.0345744
27	71	0.0221594
27	72	0.012584
27	73	0.0123251
27	74	0.0214705
27	76	0.0212643
27	77	0.028712
28	28	179.205
28	30	0.0193141
28	32	0.0271234
28	33	0.0177929
28	34	0.0232092
28	35	0.0123595
28	36	0.0229631
28	39	0.0147021
28	41	0.020406
28	42	0.0100802
28	43	0.00940126
28	44	0.0224395
28	45	0.022951
28	46	0.0183544
28	47	0.0230504
28	49	0.0229785
28	50	0.0120873
28	51	0.0159481
28	52	0.00824656
28	53	0.0125173
28	54	0.0134409
28	55	0.0156611
28	56	0.0151612
28	57	0.0150254
28	58	0.0208161
28	60	0.020185
28	61	0.0119972
28	62	0
28	63	0.0140874
28	64	0.0170373
28	65	0.0133158
28	66	0.0185875
28	67	0.0127197
28	68	0.0226397
28	70	0.00503518
28	71	0.0086057
28	72	0.0109959
28	73	0.0287191
28	75	0.0100307
28	76	0.0161986
28	77	0.0135896
30	30	102.231
30	31	0
30	32	0.0163996
30	33	0.0215162
30	34	0.0124737
30	35	0.0199278
30	36	0.0246829
30	39	0.0139689
30	40	0.0318927
30	41	0.0185071
30	42	0.0106658
30	43	0.0170528
30	44	0.0135675
30	45	0.0277537
30	46	0.0443902
30	47	0.00696846
30	48	0
30	49	0.0185246
30	50	0.0182708
30	51	0.0112498
30	52	0.00249305
30	53	0.0161458
30	54	0.0168786
30	55	0.0189383
30	56	0.00916686
30	57	0.0136272
30	58	0.00978911
30	59	0
30	60	0.0174348
30	61	0.0203108
30	62	0
30	63	0.0196277
30	64	0.0193905
30	65	0.0142725
30	66	0.0189651
30	67	0.0134587
30	68	0.0117331
30	69	0
30	70	0.0152221
30	71	0.00520325
30	72	0.0110807
30	73	0.0202584
30	74	0.00504149
30	75	0.0121297
30	76	0.0149793
30	77	0.0158013
31	31	0
31	35	0
31	42	0
31	44	0
31	45	0
31	54	0
31	55	0
31	58	0
31	60	0
31	63	0
31	64	0
31	75	0
32	32	1185.19
32	33	24.7467
32	34	0.0394138
32	39	0.0160502
32	41	0.0389851
32	43	0.0143686
32	44	0.0190533
32	52	0.0315096
32	53	0.0255082
32	54	0.0237031
32	57	0.0191371
32	58	0.0176749
32	60	0.0110179
32	63	0.0187225
32	64	0.00765863
32	65	0.0138761
32	66	0.00887772
32	69	0
32	70	0.0384782
32	72	0.0280097
32	76	0.0509714
32	77	0.0319539
33	33	880.819
33	34	0.0258554
33	36	0.0127906
33	39	0.0105289
33	41	0.0127871
33	42	0.0378993
33	43	0.0188516
33	45	0.0383516
33	47	0.0577765
33	49	0.076795
33	50	0.0302971
33	53	0.0209167
33	54	0.0103661
33	57	0.0125539
33	58	0.0115947
33	60	0.00722774
33	61	0.0120285
33	63	0.00307049
33	64	0.0251203
33	65	0.0121369
33	66	0.0174713
33	67	0.0159411
33	68	0.0162135
33	70	0.0252416
33	72	0.0183743
33	73	0.0239951
33	76	0.019107
33	77	0.0157213
34	34	118.826
34	35	0.0628601
34	36	0.0148304
34	39	0.00915601
34	40	0.0255498
34	41	0.0315059
34	42	0.0201407
34	43	0.0163935
34	44	0.0199268
34	45	0.0222339
34	46	0.0133356
34	47	0.0125607
34	50	0.0175644
34	51	0.0193122
34	52	0.0209708
34	53	0.0169767
34	54	0.0180289
34	55	0.0151717
34	56	0.0110156
34	57	0.0163755
34	58	0.0117633
34	60	0.0125706
34	61	0.0148185
34	62	0
34	63	0.0155757
34	64	0.0189321
34	65	0.0189099
34	66	0.0177254
34	67	0.0138625
34	68	0.0164492
34	70	0.0256087
34	71	0.0187578
34	72	0.0159784
34	73	0.0173886
34	74	0.00605822
34	75	0.00728795
34	76	0.013154
34	77	0.0113928
35	35	197.496
35	36	0.014808
35	39	0.0146274
35	40	0.0204089
35	41	0.0177647
35	42	0.0292513
35	43	0.0261899
35	44	0.0173644
35	46	0.0213047
35	47	0.00668892
35	49	0.0177815
35	50	0.00701513
35	51	0.0154264
35	52	0.0191443
35	53	0.0154981
35	54	0.0144013
35	55	0.0424166
35	56	0.0263974
35	57	0.0203475
35	58	0.0187928
35	60	0.0133883
35	61	0.0250663
35	62	0
35	63	0.01493
35	64	0.0151228
35	65	0.0182665
35	66	0.0107877
35	67	0.0147643
35	68	0.00375414
35	70	0.0116891
35	71	0.00998904
35	72	0.0170179
35	73	0.0166678
35	74	0.00967849
35	75	0.0116431
35	76	0.0143784
35	77	0.0133473
36	36	130.407
36	39	0.0181178
36	40	0.0126394
36	41	0.0238373
36	42	0.0126809
36	43	0.0135164
36	44	0.0233001
36	45	0.00549952
36	46	0.0263884
36	47	0.0207125
36	48	0
36	49	0.0110122
36	50	0.0173781
36	51	0.0191074
36	52	0.0177844
36	53	0.0119976
36	54	0.0178377
36	55	0.0150108
36	56	0.0217975
36	57	0.0198022
36	58	0.0116386
36	60	0.0145102
36	61	0.0155238
36	63	0.0171717
36	64	0.0180109
36	65	0.0156636
36	66	0.0175374
36	67	0.0137155
36	68	0.00929987
36	69	0
36	70	0.0144783
36	71	0.0185589
36	72	0.0105393
36	73	0.0240858
36	74	0.0119879
36	75	0.0144213
36	76	0.0123295
36	77	0.0142778
38	38	0
38	39	0
38	41	0
38	42	0
38	43	0
38	44	0
38	57	0
38	58	0
38	61	0
38	63	0
38	65	0
38	66	0
38	67	0
38	72	0
38	76	0
38	77	0
39	39	101.179
39	40	10.1651
39	41	0.0105658
39	42	0.0164035
39	43	0.012239
39	44	0.0177047
39	45	0.00452707
39	46	0.0217223
39	47	0.01364
39	48	0
39	49	0.0135975
39	50	0.0250342
39	51	0.012583
39	52	0.0243994
39	53	0.0172832
39	54	0.0159072
39	55	0.021624
39	56	0.0179431
39	57	0.00444563
39	58	0.0177925
39	60	0.0170634
39	61	0.0156185
39	62	0
39	63	0.0184846
39	64	0.0160122
39	65	0.0161174
39	66	0.0144364
39	67	0.0150537
39	68	0.0210524
39	69	0
39	70	0.0208569
39	71	0.0152772
39	72	0.0108446
39	73	0.0169944
39	74	0.0197363
39	75	0.0118713
39	76	0.015224
39	77	0.0129903
40	40	845.048
40	41	0.0252718
40	42	0.0249675
40	43	0.00931439
40	50	0.029939
40	52	0.0204259
40	53	0.0206694
40	54	0.025609
40	55	0.0258606
40	56	0.0375527
40	58	0.0343729
40	60	0.0285692
40	61	0.0297159
40	63	0.015171
40	64	0.029788
40	65	0.00899508
40	66	0.00575493
40	67	0.047258
40	72	0.0181571
40	75	0.04969
40	76	0.0188811
40	77	0.0310709
41	41	141.12
41	42	1.74767
41	43	0.00945886
41	44	0.0179182
41	45	0.00549801
41	47	0.00828273
41	48	0
41	49	0.0165138
41	50	0.0304033
41	51	0.0114613
41	52	0.0177795
41	53	0.0179915
41	54	0.0200619
41	55	0.011255
41	56	0.0163436
41	57	0.0143976
41	58	0.0199463
41	60	0.01347
41	61	0.0172439
41	62	0
41	63	0.0127652
41	64	0.0187262
41	65	0.0204441
41	66	0.0192024
41	67	0.0137117
41	68	0.0162703
41	70	0.018093
41	71	0.0185538
41	72	0.00790231
41	73	0.0137595
41	74	0.0239693
41	76	0.0219131
41	77	0.00976636
42	42	129.984
42	43	0.0200249
42	44	0.00708098
42	45	0.00543181
42	46	0.0390952
42	47	0.0286405
42	48	0
42	49	0.0271915
42	50	0.00858207
42	51	0.0150977
42	52	0.0117102
42	53	0.0177748
42	54	0.0154158
42	55	0.007413
42	56	0.00538227
42	57	0.0195583
42	58	0.00821089
42	60	0.0153552
42	61	0.0153326
42	63	0.0160905
42	64	0.0192123
42	65	0.0206277
42	66	0.0239201
42	67	0.0135466
42	68	0.0183707
42	69	0
42	70	0.0286001
42	71	0.0122202
42	72	0.0208191
42	73	0.0135938
42	74	0.0236807
42	76	0.0162369
42	77	0.014102
43	43	88.5493
43	44	1.60347
43	45	0.0162111
43	46	0.0291697
43	47	0.00915824
43	48	0
43	49	0.0162305
43	50	0.0128065
43	51	0.033794
43	52	0.0152902
43	53	0.0114939
43	54	0.0142407
43	55	0.00553099
43	56	0.0120475
43	57	0.0119396
43	58	0.0171537
43	60	0.0122206
43	61	0.0190666
43	62	0
43	63	0.0129789
43	64	0.0153965
43	65	0.0192384
43	66	0.0190781
43	67	0.0168457
43	68	0.0188468
43	70	0.0186718
43	71	0.0182355
43	72	0.0155335
43	73	0.015214
43	74	0.0132515
43	75	0.0318826
43	76	0.0151434
43	77	0.0160596
44	44	120.823
44	45	0.00537412
44	47	0.0121441
44	48	0
44	49	0.0215222
44	50	0.00849092
44	51	0.011203
44	52	0.00579294
44	53	0.014655
44	54	0.0116207
44	55	0.02567
44	56	0.00532511
44	57	0.0105549
44	58	0.0146226
44	60	0.0172177
44	61	0.0126415
44	63	0.0146288
44	64	0.0147842
44	65	0.0182827
44	66	0.0138732
44	67	0.0201041
44	68	0.0227195
44	69	0
44	70	0.0247593
44	71	0.0241809
44	72	0.0128737
44	73	0.0168118
44	74	0.0351438
44	75	0.0493236
44	76	0.0147258
44	77	0.0161552
45	45	394.059
45	46	11.9872
45	50	0.0260535
45	51	0.0401044
45	52	0.0266625
45	53	0.0125909
45	54	0.0178284
45	55	0.0450088
45	56	0.0163395
45	57	0.0107955
45	59	0
45	60	0.0124307
45	61	0.0103437
45	62	0
45	63	0.0264041
45	64	0.0194416
45	65	0.0195692
45	66	0.0150242
45	67	0.0137083
45	68	0.0209137
45	70	0.0108531
45	73	0.0206341
45	74	0.0179725
45	76	0.0184845
45	77	0.0202789
46	46	992.81
46	51	0.0274905
46	53	0.012946
46	54	0.00534662
46	55	0.0269958
46	57	0.0259001
46	58	0.0478423
46	59	0
46	60	0.0298232
46	61	0.0124081
46	63	0.025339
46	64	0.0103652
46	65	0.00938992
46	66	0.0120151
46	68	0.0334501
46	71	0.0445022
46	72	0.0189541
46	73	0.0247522
46	76	0.0197099
46	77	0.0162174
47	47	253.044
47	48	0
47	49	0.0248717
47	50	0.00981236
47	51	0.0129465
47	52	0.026778
47	53	0.0135486
47	54	0.0201438
47	55	0.0084757
47	57	0.0243951
47	58	0.0225311
47	60	0.00702256
47	61	0.0214263
47	62	0
47	63	0.0129277
47	64	0.01139
47	65	0.019654
47	66	0.0188615
47	67	0.0258143
47	68	0.0105021
47	70	0.00817503
47	72	0.0297545
47	73	0.0155426
47	74	0.0270754
47	75	0.0162857
47	76	0.0170175
47	77	0.0203667
48	48	0
48	53	0
48	54	0
48	55	0
48	56	0
48	57	0
48	58	0
48	60	0
48	61	0
48	63	0
48	64	0
48	65	0
48	66	0
48	67	0
48	68	0
48	72	0
48	75	0
48	76	0
48	77	0
49	49	301.281
49	50	3.2345
49	53	0.0162076
49	54	0.0133873
49	55	0.0112657
49	57	0.0216169
49	58	0.0149739
49	60	0.0124456
49	61	0.0155342
49	63	0.00660893
49	64	0.0108138
49	65	0.00783706
49	66	0.00501404
49	67	0.0274494
49	68	0.0139592
49	70	0.0217321
49	71	0.0371426
49	72	0.0395489
49	73	0.0103294
49	75	0.0216465
49	76	0.0185066
49	77	0.0112795
50	50	256.284
50	51	0.00905193
50	52	0.0140419
50	53	0.0156303
50	54	0.0228867
50	55	0.0177781
50	56	0.0516318
50	57	0.0127924
50	60	0.0171851
50	61	0.0204284
50	62	0
50	63	0.0250306
50	64	0.010239
50	65	0.0103062
50	66	0.0158251
50	67	0.0108293
50	68	0.0275358
50	70	0.0171474
50	73	0.0081503
50	74	0.0283959
50	75	0.0170799
50	76	0.01298
50	77	0.02314
51	51	127.133
51	52	2.46719
51	53	0.0143735
51	54	0.0123885
51	55	0.0117283
51	56	0.0113539
51	57	0.0225045
51	58	0.00866043
51	60	0.0161959
51	61	0.0233596
51	63	0.0137606
51	64	0.0202641
51	65	0.0185841
51	66	0.0139199
51	67	0.00952552
51	68	0.0193765
51	69	0
51	70	0.015083
51	71	0.0128893
51	72	0.0109795
51	73	0.0322607
51	74	0.0187329
51	75	0.0150236
51	76	0.00856294
51	77	0.0109599
52	52	197.676
52	53	0.0184193
52	54	0.00840778
52	55	0.0181937
52	56	0.0352258
52	57	0.0232737
52	58	0.0214954
52	59	0
52	60	0.0217742
52	61	0.0111498
52	63	0.0149425
52	64	0.0151354
52	65	0.0168755
52	66	0.0107967
52	67	0.0110825
52	68	0.00751453
52	69	0
52	70	0.00584943
52	71	0.00999736
52	72	0.0255481
52	73	0.0111211
52	74	0.00968655
52	75	0.0233056
52	76	0.0110695
52	77	0.00728643
53	53	40.47
53	54	0.610634
53	55	0.0147285
53	56	0.0124761
53	57	0.0206073
53	58	0.0174014
53	59	0
53	60	0.0142372
53	61	0.0251042
53	62	0
53	63	0.0180008
53	64	0.014609
53	65	0.0145152
53	66	0.0215777
53	67	0.0164481
53	68	0.0152083
53	69	0
53	70	0.0118384
53	71	0.0202331
53	72	0.0120646
53	73	0.0180059
53	74	0.0137229
53	75	0.0165084
53	76	0.0132177
53	77	0.0137635
54	54	46.2639
54	55	0.019769
54	56	0.0220822
54	57	0.0109423
54	58	0.01078
54	60	0.0121797
54	61	0.0174739
54	62	0
54	63	0.0142737
54	64	0.0178083
54	65	0.0193945
54	66	0.0145516
54	67	0.012042
54	68	0.00847922
54	69	0
54	70	0.0220012
54	71	0.0376026
54	72	0.0128124
54	73	0.00976018
54	74	0.0218602
54	75	0.0175316
54	76	0.0163765
54	77	0.0127895
55	55	228.111
55	56	3.45638
55	57	0.0184163
55	58	0.020411
55	60	0.0106029
55	61	0.00705825
55	63	0.0144139
55	64	0.0147404
55	65	0.011573
55	66	0.0205041
55	67	0.0233853
55	68	0.0190279
55	69	0
55	70	0.0148116
55	71	0.0506295
55	72	0.0161728
55	73	0.0211202
55	74	0.0122639
55	75	0.0147532
55	76	0.0140148
55	77	0.0169128
56	56	333.25
56	57	0.0160456
56	58	0.0246993
56	60	0.0184761
56	61	0.0153741
56	63	0.015698
56	64	0.0149833
56	65	0.00775631
56	66	0.00744358
56	67	0.0271666
56	68	0.0138153
56	70	0.0322622
56	71	0.01838
56	72	0.00782828
56	74	0.0356171
56	75	0.0642703
56	76	0.0162808
56	77	0.0111633
57	57	119.645
57	58	1.38873
57	59	0
57	60	0.0152589
57	61	0.00761824
57	63	0.0194469
57	64	0.0113137
57	65	0.0204984
57	66	0.0204915
57	67	0.0112181
57	68	0.00912778
57	69	0
57	70	0.017763
57	71	0.0121436
57	72	0.0310328
57	73	0.0101315
57	74	0.00588305
57	75	0.00707722
57	76	0.0154628
57	77	0.0177014
58	58	101.467
58	59	0
58	60	0.0169116
58	61	0.0171995
58	63	0.0191584
58	64	0.00979615
58	65	0.0165656
58	66	0.023468
58	67	0.0145053
58	68	0.00843035
58	69	0
58	70	0.019687
58	71	0.0112158
58	72	0.0143309
58	73	0.00311912
58	74	0.0217342
58	75	0.0196094
58	76	0.0155232
58	77	0.00681205
59	59	0
59	60	0
59	61	0
59	63	0
59	64	0
59	65	0
59	76	0
59	77	0
60	60	63.3951
60	61	0.810454
60	62	0
60	63	0.0171676
60	64	0.0199482
60	65	0.0206529
60	66	0.020764
60	67	0.0155008
60	68	0.0183932
60	69	0
60	70	0.0122722
60	71	0.0139831
60	72	0.0119112
60	73	0.0194435
60	74	0.037258
60	75	0.00814923
60	76	0.0147085
60	77	0.0148624
61	61	53.9002
61	62	0
61	63	0.0161486
61	64	0.0182929
61	65	0.0155488
61	66	0.0184559
61	67	0.0139732
61	68	0.0153051
61	69	0
61	70	0.0238275
61	71	0.0145443
61	72	0.0185838
61	73	0.0161791
61	74	0.0140921
61	75	0.0101716
61	76	0.0170703
61	77	0.0127205
62	62	0
62	63	0
62	64	0
62	65	0
62	68	0
62	72	0
62	76	0
62	77	0
63	63	25.251
63	64	0.407462
63	65	0.0152496
63	66	0.0178424
63	67	0.0142676
63	68	0.0100463
63	69	0
63	70	0.00955802
63	71	0.0193059
63	72	0.0158128
63	73	0.02065
63	74	0.0172668
63	75	0.0207717
63	76	0.0152923
63	77	0.014612
64	64	43.6404
64	65	0.0170904
64	66	0.0219778
64	67	0.0143663
64	68	0.0100455
64	70	0.00995223
64	71	0.0170095
64	72	0.0124193
64	73	0.0175699
64	74	0.0141263
64	75	0.0113292
64	76	0.0164122
64	77	0.017415
65	65	27.9417
65	66	0.473282
65	67	0.0233177
65	68	0.0137884
65	69	0
65	70	0.0188903
65	71	0.0176104
65	72	0.0200014
65	73	0.0163249
65	74	0.0184848
65	75	0.00855268
65	76	0.0162491
65	77	0.0171135
66	66	51.2707
66	67	0.00936735
66	68	0.0148204
66	70	0.0148325
66	71	0.0197171
66	72	0.0143962
66	73	0.0047
66	74	0.0245624
66	75	0.0098494
66	76	0.0137227
66	77	0.0157391
67	67	148.782
67	68	1.66035
67	69	0
67	70	0.0180446
67	71	0.0154201
67	72	0.0131353
67	73	0.00857672
67	74	0.0149408
67	75	0.0179735
67	76	0.0128054
67	77	0.0196678
68	68	151.592
68	69	0
68	70	0.0137646
68	71	0.0235254
68	72	0.00667985
68	73	0.0261697
68	74	0.030392
68	75	0.0182806
68	76	0.015629
68	77	0.015241
69	69	0
69	71	0
69	74	0
69	76	0
69	77	0
70	70	254.458
70	71	6.40939
70	73	0.0135806
70	75	0.0284598
70	76	0.0121658
70	77	0.0163128
71	71	501.44
71	73	0.0232109
71	75	0.0243205
71	76	0.0184825
71	77	0.00253459
72	72	160.168
72	73	2.65929
72	74	0.0258319
72	75	0.0103585
72	76	0.0147599
72	77	0.0140337
73	73	227.815
73	74	0.0112446
73	76	0.01028
73	77	0.0112779
74	74	398.642
74	75	5.08992
74	76	0.0179079
74	77	0.0171905
75	75	526.416
75	76	0.0161572
75	77	0.0324971
76	76	40.6432
76	77	0.496452
77	77	45.3474
