1	1	23.3727
1	2	0.299452
1	3	0.0375325
1	4	0.0506881
1	6	0.0138032
1	7	0.0133656
1	8	0.0172049
1	9	0.0152776
1	11	0
1	12	0.0118535
1	13	0.0131818
1	14	0.0122549
1	15	0.016628
1	16	0.0179724
1	17	0.0181878
1	18	0.00969549
1	19	0.0121694
1	20	0.0143114
1	21	0.0160089
1	22	0.0138175
1	23	0.0163061
1	24	0.0149075
1	25	0.0164764
1	26	0.0270716
1	27	0.0120237
1	28	0.012727
1	30	0.0134262
1	31	0
1	32	0.0188201
1	33	0.0144102
1	34	0.0163347
1	35	0.0113001
1	36	0.0211462
1	38	0
1	39	0.0144003
1	40	0.0037815
1	41	0.0128946
1	42	0.0128191
1	43	0.0115598
1	44	0.0190551
1	45	0.0202649
1	46	0.00757484
1	47	0.0100222
1	48	0.00784442
1	49	0.0141635
1	50	0.00506183
1	51	0.0192581
1	52	0.0120694
1	53	0.0140836
1	54	0.0146488
1	55	0.0175199
1	56	0.0190578
1	57	0.00890568
1	58	0.0151326
1	60	0.0139398
1	61	0.0134272
1	62	0
1	63	0.0148439
1	64	0.0129165
1	65	0.013598
1	66	0.0184639
1	67	0.0182371
1	68	0.0174758
1	69	0
1	70	0.0119778
1	71	0.0100222
1	72	0.0148365
1	73	0.0127119
1	74	0.0110076
1	75	0.0276523
1	76	0.0169468
1	77	0.0129217
2	2	22.1803
2	3	0.366816
2	4	0.0583536
2	6	0.0242016
2	7	0.0136156
2	8	0.0174682
2	9	0.0106439
2	11	0
2	12	0.0149233
2	13	0.0140927
2	14	0.015625
2	15	0.0148216
2	16	0.0126265
2	17	0.0141229
2	18	0.0166884
2	19	0.0170335
2	20	0.0131056
2	21	0.0125105
2	22	0.0148548
2	23	0.0161326
2	24	0.0172502
2	25	0.0145852
2	26	0.0221891
2	27	0.0153045
2	28	0.0183596
2	30	0.0126315
2	32	0.018511
2	33	0.0106301
2	34	0.0154484
2	35	0.0138931
2	36	0.0129993
2	38	0
2	39	0.01325
2	40	0.0111582
2	41	0.0184477
2	42	0.0131817
2	43	0.0151599
2	44	0.0158587
2	45	0.00996602
2	46	0.0223512
2	47	0.0140822
2	48	0.0231467
2	49	0.0119407
2	50	0.0199147
2	51	0.0158866
2	52	0.0127843
2	53	0.0144064
2	54	0.0156292
2	55	0.0160012
2	56	0.0171827
2	57	0.0162674
2	58	0.0101482
2	59	0
2	60	0.013058
2	61	0.0160777
2	63	0.0153605
2	64	0.01157
2	65	0.0153224
2	66	0.0132523
2	67	0.00857882
2	68	0.0148448
2	69	0
2	70	0.0153153
2	71	0.0131434
2	72	0.0103008
2	73	0.0125031
2	74	0.0126312
2	75	0.0167373
2	76	0.0152985
2	77	0.01662
3	3	25.7045
3	4	0.360825
3	6	0.0226474
3	7	0.0221308
3	8	0.0143615
3	9	0.0150995
3	11	0
3	12	0.0153365
3	13	0.0117408
3	14	0.0176175
3	15	0.0162474
3	16	0.0166095
3	17	0.0180618
3	18	0.011499
3	19	0.0171582
3	20	0.0159626
3	21	0.0151327
3	22	0.0187091
3	23	0.0163402
3	24	0.0164514
3	25	0.0124353
3	26	0.0170266
3	27	0.0152516
3	28	0.0128073
3	30	0.0106997
3	31	0
3	32	0.0270557
3	33	0.0194212
3	34	0.0135477
3	35	0.0142144
3	36	0.0176698
3	38	0
3	39	0.0110187
3	40	0.020386
3	41	0.0113751
3	42	0.0106803
3	43	0.0114251
3	44	0.0181745
3	45	0.00364159
3	46	0.0245015
3	47	0.020068
3	48	0.00845782
3	49	0.00654474
3	50	0.0163729
3	51	0.0227734
3	52	0.0140142
3	53	0.0137676
3	54	0.016062
3	55	0.00809566
3	56	0.00856167
3	57	0.0137172
3	58	0.0133494
3	60	0.0150299
3	61	0.0151066
3	62	0
3	63	0.0153378
3	64	0.0149212
3	65	0.0170812
3	66	0.0158724
3	67	0.021373
3	68	0.0179858
3	69	0
3	70	0.0129144
3	71	0.0108059
3	72	0.0159967
3	73	0.0171324
3	74	0.00791223
3	75	0.016054
3	76	0.0167702
3	77	0.017951
4	4	23.0807
4	6	0.016266
4	7	0.0154258
4	8	0.0133068
4	9	0.0179168
4	11	0
4	12	0.0143338
4	13	0.0125465
4	14	0.0118288
4	15	0.011917
4	16	0.012847
4	17	0.0164651
4	18	0.0161713
4	19	0.0136618
4	20	0.0159478
4	21	0.0137166
4	22	0.0180888
4	23	0.0155984
4	24	0.0186484
4	25	0.0188934
4	26	0.0129345
4	27	0.0140086
4	28	0.0123827
4	30	0.0152132
4	32	0.019619
4	34	0.0170281
4	35	0.0107981
4	36	0.0137774
4	39	0.0145273
4	40	0.0157681
4	41	0.0177189
4	42	0.0139707
4	43	0.0140589
4	44	0.00993197
4	45	0.00880214
4	46	0.0118446
4	47	0.0164176
4	48	0.0245322
4	49	0.00632775
4	50	0.0158301
4	51	0.0129519
4	52	0.00967826
4	53	0.0107664
4	54	0.0119059
4	55	0.0208727
4	56	0.00993336
4	57	0.01061
4	58	0.0114727
4	59	0
4	60	0.0176455
4	61	0.0176486
4	62	0
4	63	0.0133786
4	64	0.0156287
4	65	0.0147257
4	66	0.0176871
4	67	0.0157049
4	68	0.0165614
4	69	0
4	70	0.0137348
4	71	0.0121888
4	72	0.0109174
4	73	0.0132515
4	74	0.00956237
4	75	0.0199565
4	76	0.0113741
4	77	0.0137292
6	6	25.8797
6	7	0.360848
6	8	0.0530467
6	9	0.0345698
6	11	0
6	12	0.0154495
6	13	0.0155622
6	14	0.0113385
6	15	0.00677258
6	16	0.01227
6	17	0.0129963
6	18	0.0136898
6	19	0.00864225
6	20	0.0198322
6	21	0.0164351
6	22	0.0174508
6	23	0.0160438
6	24	0.0142867
6	25	0.0134217
6	26	0.0134766
6	27	0.0130593
6	28	0.00921546
6	30	0.0171188
6	33	0.0078257
6	34	0.018424
6	35	0.0204558
6	36	0.0137806
6	38	0
6	39	0.0141271
6	40	0.00821445
6	41	0.00891244
6	42	0.0139233
6	43	0.0167407
6	44	0.0119402
6	45	0.00917102
6	46	0.00411365
6	47	0.00933035
6	48	0.0127801
6	49	0.0285694
6	50	0.0183261
6	51	0.0161937
6	52	0.0161342
6	53	0.0161125
6	54	0.0142926
6	55	0.0135921
6	56	0.0189744
6	57	0.0193455
6	58	0.00821805
6	60	0.0187454
6	61	0.0177541
6	62	0
6	63	0.0142751
6	64	0.0167847
6	65	0.0151995
6	66	0.0119242
6	67	0.0137794
6	68	0.0155299
6	69	0
6	70	0.00390285
6	71	0.0290278
6	72	0.0142186
6	73	0.0195597
6	74	0.0139484
6	75	0.0161722
6	76	0.0151287
6	77	0.0129551
7	7	18.8922
7	8	0.325554
7	9	0.0489436
7	11	0
7	12	0.014746
7	13	0.0178243
7	14	0.0152923
7	15	0.0157116
7	16	0.0146391
7	17	0.0136449
7	18	0.0146578
7	19	0.0145566
7	20	0.0123636
7	21	0.0168613
7	22	0.018877
7	23	0.0140868
7	24	0.0175755
7	25	0.016369
7	26	0.012668
7	27	0.0152753
7	28	0.0153927
7	30	0.0105903
7	32	0.0270978
7	33	0.0124489
7	34	0.0162825
7	35	0.0130162
7	36	0.0132444
7	39	0.0156508
7	40	0.00980049
7	41	0.0136713
7	42	0.0140947
7	43	0.0108187
7	44	0.0120297
7	45	0.0160479
7	46	0.0229036
7	47	0.0173162
7	48	0.0135535
7	49	0.0139838
7	50	0.0174916
7	51	0.0139536
7	52	0.0184473
7	53	0.010869
7	54	0.0109391
7	55	0.0183787
7	56	0.01372
7	57	0.0164863
7	58	0.00772498
7	59	0
7	60	0.0172037
7	61	0.0128606
7	62	0
7	63	0.0144266
7	64	0.0121548
7	65	0.0158532
7	66	0.0137954
7	67	0.01781
7	68	0.0199009
7	69	0
7	70	0.00931282
7	71	0.0129872
7	72	0.0211107
7	73	0.0210485
7	74	0.0110943
7	75	0.0147008
7	76	0.0148409
7	77	0.0163152
8	8	25.5919
8	9	0.457164
8	11	0
8	12	0.0185736
8	13	0.01727
8	14	0.0218831
8	15	0.0198333
8	16	0.00979972
8	17	0.0110572
8	18	0.0150947
8	19	0.0197454
8	20	0.0123922
8	21	0.0180624
8	22	0.016461
8	23	0.0178236
8	24	0.0158545
8	25	0.0190319
8	26	0.0158618
8	27	0.0177603
8	28	0.0127834
8	30	0.0111404
8	32	0.00630121
8	33	0.0180926
8	34	0.0113588
8	35	0.00945855
8	36	0.017523
8	38	0
8	39	0.0181969
8	40	0.00759656
8	41	0.0141292
8	42	0.0146318
8	43	0.0116111
8	44	0.0191396
8	45	0.0169624
8	46	0.0114127
8	47	0.0201332
8	48	0.00393961
8	49	0.00609701
8	50	0.0135581
8	51	0.0124797
8	52	0.0195832
8	53	0.0137689
8	54	0.0152126
8	55	0.0113128
8	56	0.0159519
8	57	0.0153346
8	58	0.0165816
8	59	0
8	60	0.0193357
8	61	0.0126072
8	62	0
8	63	0.0164629
8	64	0.0139005
8	65	0.0175039
8	66	0.015789
8	67	0.0151323
8	68	0.0183512
8	69	0
8	70	0.013234
8	71	0.0134222
8	72	0.0175322
8	73	0.0212806
8	74	0.0184274
8	75	0.0128192
8	76	0.0132912
8	77	0.0147262
9	9	27.8575
9	11	0
9	12	0.0158409
9	13	0.017167
9	14	0.010458
9	15	0.0125714
9	16	0.01124
9	17	0.0110281
9	18	0.0145207
9	19	0.0129414
9	20	0.0125078
9	21	0.0192012
9	22	0.0151782
9	23	0.0148075
9	24	0.0141436
9	25	0.0161345
9	26	0.018193
9	27	0.0171113
9	28	0.0156397
9	30	0.0107602
9	32	0.0144546
9	33	0.012451
9	34	0.00723789
9	35	0.00867893
9	36	0.0121808
9	39	0.0176603
9	40	0.017426
9	41	0.016881
9	42	0.0167823
9	43	0.0155371
9	44	0.0143536
9	45	0.0155642
9	46	0.02618
9	47	0.0115461
9	48	0.0180745
9	49	0.0116551
9	50	0.00971921
9	51	0.0107354
9	52	0.0192526
9	53	0.0118984
9	54	0.0140159
9	55	0.0144171
9	56	0.0146371
9	57	0.0117256
9	58	0.019811
9	59	0
9	60	0.017589
9	61	0.0147964
9	62	0
9	63	0.0137165
9	64	0.0138176
9	65	0.014449
9	66	0.0132228
9	67	0.0155293
9	68	0.0228785
9	69	0
9	70	0.015179
9	71	0.0134705
9	72	0.00904898
9	73	0.0183061
9	74	0.0126814
9	75	0.00980217
9	76	0.0147097
9	77	0.0160316
11	11	0
11	12	0
11	13	0
11	14	0
11	15	0
11	17	0
11	18	0
11	19	0
11	20	0
11	21	0
11	22	0
11	23	0
11	24	0
11	25	0
11	26	0
11	27	0
11	28	0
11	30	0
11	34	0
11	35	0
11	36	0
11	39	0
11	41	0
11	42	0
11	43	0
11	44	0
11	45	0
11	46	0
11	47	0
11	48	0
11	49	0
11	50	0
11	51	0
11	52	0
11	53	0
11	54	0
11	55	0
11	56	0
11	57	0
11	58	0
11	60	0
11	61	0
11	63	0
11	64	0
11	65	0
11	66	0
11	67	0
11	68	0
11	69	0
11	70	0
11	71	0
11	72	0
11	73	0
11	76	0
11	77	0
12	12	25.6466
12	13	0.539011
12	14	0.0740011
12	15	0.0503857
12	16	0.0149815
12	17	0.0131427
12	18	0.0128956
12	19	0.0184753
12	20	0.0139746
12	21	0.0167482
12	22	0.0102024
12	23	0.0146508
12	24	0.0176081
12	25	0.0162592
12	26	0.012583
12	27	0.0163867
12	28	0.0160175
12	30	0.0125229
12	31	0
12	32	0.0215328
12	34	0.0156342
12	35	0.00888861
12	36	0.0167847
12	38	0
12	39	0.0127556
12	40	0.0129797
12	41	0.00754424
12	42	0.0165002
12	43	0.0148792
12	44	0.011949
12	45	0.00724558
12	46	0.013
12	47	0.0110572
12	48	0.0168283
12	49	0.0104175
12	50	0.0130307
12	51	0.0154592
12	52	0.0175269
12	53	0.013052
12	54	0.0108657
12	55	0.0150339
12	56	0.0109023
12	57	0.0131006
12	58	0.0165268
12	60	0.0136706
12	61	0.0145276
12	62	0
12	63	0.015922
12	64	0.0116774
12	65	0.0145007
12	66	0.016058
12	67	0.0136081
12	68	0.0156776
12	69	0
12	70	0.0133616
12	71	0.0100334
12	72	0.014229
12	73	0.00999913
12	74	0.00787137
12	75	0.0219032
12	76	0.0149405
12	77	0.0166322
13	13	35.9865
13	14	0.498563
13	15	0.0506635
13	16	0.0175764
13	17	0.0104254
13	18	0.0150848
13	19	0.0165064
13	20	0.0153562
13	21	0.017515
13	22	0.0166652
13	23	0.0178087
13	24	0.0160084
13	25	0.015381
13	26	0.0140398
13	27	0.0161395
13	28	0.0184812
13	30	0.0169536
13	31	0
13	33	0.0112101
13	34	0.013033
13	35	0.0224651
13	36	0.0153536
13	39	0.0154184
13	40	0.011767
13	41	0.010335
13	42	0.0199448
13	43	0.0194842
13	44	0.0121629
13	45	0.0122614
13	46	0.0117854
13	47	0.0193057
13	48	0.0162731
13	49	0.0188884
13	50	0.0122508
13	51	0.0173977
13	52	0.0115559
13	53	0.0175297
13	54	0.016997
13	55	0.0142782
13	56	0.00988372
13	57	0.0191344
13	58	0.01855
13	60	0.0165245
13	61	0.0175604
13	62	0
13	63	0.017642
13	64	0.0162684
13	65	0.015063
13	66	0.0163046
13	67	0.0139816
13	68	0.0164787
13	69	0
13	70	0.0111814
13	71	0.0155931
13	72	0.0171995
13	73	0.0164816
13	74	0.00761167
13	75	0.00882524
13	76	0.0173371
13	77	0.0146916
14	14	23.6313
14	15	0.384156
14	16	0.0134978
14	17	0.0200513
14	18	0.0191143
14	19	0.0115343
14	20	0.0170259
14	21	0.0136908
14	22	0.0174214
14	23	0.0163098
14	24	0.0148389
14	25	0.0182714
14	26	0.0111189
14	27	0.0180105
14	28	0.00836355
14	30	0.0148649
14	32	0.0154596
14	33	0.0414299
14	34	0.0165144
14	35	0.011603
14	36	0.0130278
14	38	0
14	39	0.0141185
14	40	0.021744
14	41	0.012518
14	42	0.0119661
14	43	0.0110783
14	44	0.0168567
14	45	0.0235825
14	46	0.00933342
14	47	0.014113
14	48	0.00966559
14	49	0.00831036
14	50	0.01386
14	51	0.0158194
14	52	0.0152528
14	53	0.0121859
14	54	0.0134608
14	55	0.00616781
14	56	0.0117411
14	57	0.0151535
14	58	0.0135606
14	59	0
14	60	0.0166309
14	61	0.0151058
14	62	0
14	63	0.0162579
14	64	0.0185677
14	65	0.0150741
14	66	0.0143472
14	67	0.0143294
14	68	0.0137028
14	69	0
14	70	0.00787123
14	71	0.0123489
14	72	0.0136211
14	73	0.0174035
14	74	0.0135631
14	75	0.00873643
14	76	0.0158278
14	77	0.0136762
15	15	24.8514
15	16	0.0140041
15	17	0.0117028
15	18	0.0136767
15	19	0.0127647
15	20	0.0129946
15	21	0.0185611
15	22	0.0175271
15	23	0.0146129
15	24	0.0166582
15	25	0.0162694
15	26	0.0169724
15	27	0.0126375
15	28	0.0119686
15	30	0.0137241
15	33	0.0203274
15	34	0.0189063
15	35	0.0106268
15	36	0.0198862
15	38	0
15	39	0.0157265
15	40	0.0106686
15	41	0.0110239
15	42	0.0164391
15	43	0.0140417
15	44	0.00964908
15	45	0.0142931
15	46	0.0213705
15	47	0.0175036
15	48	0.0221311
15	49	0.0114168
15	50	0.0142807
15	51	0.0163579
15	52	0.017462
15	53	0.0150104
15	54	0.013309
15	55	0.0117686
15	56	0.0149352
15	57	0.0125626
15	58	0.0103498
15	59	0
15	60	0.017479
15	61	0.0156467
15	63	0.0152682
15	64	0.016485
15	65	0.0148984
15	66	0.0159559
15	67	0.0201332
15	68	0.0156875
15	70	0.00901128
15	71	0.00785417
15	72	0.0131318
15	73	0.0179318
15	74	0.0155276
15	75	0.0100018
15	76	0.0150638
15	77	0.014255
16	16	23.9056
16	17	0.334489
16	18	0.0360411
16	19	0.0334929
16	20	0.0509068
16	21	0.0169156
16	22	0.012841
16	23	0.0151537
16	24	0.014017
16	25	0.0160776
16	26	0.0167722
16	27	0.0197187
16	28	0.0149815
16	30	0.0141048
16	32	0.01749
16	33	0.00669588
16	34	0.0180995
16	35	0.0113766
16	36	0.0108084
16	38	0
16	39	0.0116558
16	40	0.0105428
16	41	0.0114386
16	42	0.0129962
16	43	0.0161142
16	44	0.0163462
16	45	0.0172633
16	46	0.0175987
16	47	0.0119749
16	48	0.0145801
16	49	0.0112822
16	50	0.0156803
16	51	0.017897
16	52	0.0155304
16	53	0.0139608
16	54	0.0115369
16	55	0.0139557
16	56	0.0132832
16	57	0.0112321
16	58	0.0140632
16	59	0
16	60	0.0114124
16	61	0.0184461
16	62	0
16	63	0.014657
16	64	0.0115749
16	65	0.0136185
16	66	0.0157677
16	67	0.0162113
16	68	0.0169789
16	69	0
16	70	0.00556563
16	71	0.0139708
16	72	0.0194654
16	73	0.0246115
16	74	0.0153445
16	75	0.0138374
16	76	0.0159649
16	77	0.0140868
17	17	21.3085
17	18	0.321659
17	19	0.0381109
17	20	0.0341981
17	21	0.0186163
17	22	0.0161442
17	23	0.016368
17	24	0.0153439
17	25	0.0142721
17	26	0.0175874
17	27	0.0171543
17	28	0.0139641
17	30	0.0136526
17	32	0.0163023
17	34	0.018503
17	35	0.0122354
17	36	0.0119062
17	38	0
17	39	0.0160952
17	40	0.00982681
17	41	0.0121849
17	42	0.0105994
17	43	0.0129338
17	44	0.00888776
17	45	0.0102397
17	46	0.00984218
17	47	0.0148823
17	48	0.0305774
17	49	0.0227847
17	50	0.0190001
17	51	0.0166817
17	52	0.0120632
17	53	0.0146394
17	54	0.0146247
17	55	0.017344
17	56	0.0110054
17	57	0.0198366
17	58	0.0148956
17	59	0
17	60	0.0192624
17	61	0.0144122
17	62	0
17	63	0.0150011
17	64	0.0169825
17	65	0.0109783
17	66	0.0125357
17	67	0.0109894
17	68	0.0144497
17	69	0
17	70	0.0103754
17	71	0.0101283
17	72	0.0188995
17	73	0.025693
17	74	0.0254266
17	75	0.0147402
17	76	0.0185004
17	77	0.0174352
18	18	22.3239
18	19	0.28745
18	20	0.0489253
18	21	0.0165466
18	22	0.0174793
18	23	0.0155684
18	24	0.0147716
18	25	0.0151783
18	26	0.0128652
18	27	0.0167542
18	28	0.0133991
18	30	0.013828
18	31	0
18	32	0.0165118
18	33	0.00948203
18	34	0.0170872
18	35	0.019002
18	36	0.0106677
18	38	0
18	39	0.0187473
18	40	0.0132707
18	41	0.0123415
18	42	0.011758
18	43	0.0164806
18	44	0.0128599
18	45	0.0148161
18	46	0.0199373
18	47	0.0188419
18	48	0.0172057
18	49	0.0177519
18	50	0.0148033
18	51	0.0103556
18	52	0.019549
18	53	0.0116972
18	54	0.0130699
18	55	0.0175669
18	56	0.0111468
18	57	0.0156267
18	58	0.0114661
18	59	0
18	60	0.0125213
18	61	0.0133169
18	62	0
18	63	0.0157364
18	64	0.0141653
18	65	0.0149417
18	66	0.0148858
18	67	0.0208699
18	68	0.0202107
18	69	0
18	70	0.0126104
18	71	0.00586194
18	72	0.0153138
18	73	0.0148703
18	74	0.0177054
18	75	0.0111972
18	76	0.0130352
18	77	0.0165691
19	19	20.8302
19	20	0.376647
19	21	0.0170904
19	22	0.0166042
19	23	0.0157626
19	24	0.0155992
19	25	0.0174461
19	26	0.0171989
19	27	0.0167753
19	28	0.0143743
19	30	0.0108786
19	32	0.0265703
19	33	0.0274648
19	34	0.014369
19	35	0.0143582
19	36	0.012091
19	38	0
19	39	0.0169201
19	40	0.0320324
19	41	0.0104263
19	42	0.0148075
19	43	0.0163201
19	44	0.016762
19	45	0.0185965
19	46	0.00962476
19	47	0.0181919
19	48	0.00996729
19	49	0.0188535
19	50	0.0142926
19	51	0.013682
19	52	0.0173018
19	53	0.014316
19	54	0.0128294
19	55	0.0116606
19	56	0.0107623
19	57	0.0113158
19	58	0.0139839
19	60	0.0177123
19	61	0.0168136
19	62	0
19	63	0.0183371
19	64	0.0132859
19	65	0.0128606
19	66	0.0150064
19	67	0.01209
19	68	0.0107661
19	69	0
19	70	0.0111608
19	71	0.0127344
19	72	0.0125677
19	73	0.0116654
19	74	0.00932433
19	75	0.0126128
19	76	0.0135688
19	77	0.0134716
20	20	21.535
20	21	0.0150816
20	22	0.0120539
20	23	0.0161055
20	24	0.0170738
20	25	0.0191303
20	26	0.0100744
20	27	0.0138972
20	28	0.0121246
20	30	0.0140768
20	31	0
20	32	0.0112059
20	33	0.0225228
20	34	0.0112223
20	35	0.0117746
20	36	0.0132204
20	38	0
20	39	0.0153507
20	40	0.0101321
20	41	0.0120401
20	42	0.0119696
20	43	0.00989423
20	44	0.0144004
20	45	0.016591
20	46	0.00338267
20	47	0.0089511
20	48	0.0315275
20	49	0.0108428
20	50	0.0241114
20	51	0.0127613
20	52	0.0174132
20	53	0.012914
20	54	0.0104223
20	55	0.0178829
20	56	0.0156027
20	57	0.00909023
20	58	0.0116724
20	59	0
20	60	0.0139323
20	61	0.0159028
20	62	0
20	63	0.0109099
20	64	0.0146262
20	65	0.011909
20	66	0.0142622
20	67	0.0134554
20	68	0.0113514
20	69	0
20	70	0.0106977
20	71	0.0193941
20	72	0.0210456
20	73	0.016084
20	74	0.0081927
20	75	0.0151982
20	76	0.0180385
20	77	0.0137601
21	21	8.74962
21	22	0.22204
21	23	0.0155703
21	24	0.0155225
21	25	0.0228877
21	26	0.0232797
21	27	0.0168426
21	28	0.0165006
21	30	0.0125109
21	31	0
21	32	0.0224086
21	33	0.0114385
21	34	0.0129662
21	35	0.0153235
21	36	0.0111204
21	38	0
21	39	0.0119838
21	40	0.019511
21	41	0.0139575
21	42	0.012257
21	43	0.0129993
21	44	0.0107624
21	45	0.0113942
21	46	0.0120255
21	47	0.0227297
21	48	0.0108968
21	49	0.0216824
21	50	0.0207596
21	51	0.012328
21	52	0.0173185
21	53	0.0139369
21	54	0.0166536
21	55	0.00844351
21	56	0.0132367
21	57	0.012876
21	58	0.014469
21	59	0
21	60	0.0180468
21	61	0.017841
21	62	0
21	63	0.01614
21	64	0.0147385
21	65	0.0165052
21	66	0.0161417
21	67	0.0119587
21	68	0.015133
21	69	0
21	70	0.0142616
21	71	0.0119331
21	72	0.0128161
21	73	0.0189197
21	74	0.0167471
21	75	0.0151961
21	76	0.0156634
21	77	0.0177525
22	22	12.247
22	23	0.0152285
22	24	0.0176452
22	25	0.0129357
22	26	0.00787185
22	27	0.0119283
22	28	0.00986861
22	30	0.0166347
22	31	0
22	32	0.0182417
22	33	0.0125705
22	34	0.0142494
22	35	0.0164292
22	36	0.0132201
22	38	0
22	39	0.0151283
22	40	0.0219916
22	41	0.0126119
22	42	0.0105049
22	43	0.0156863
22	44	0.0153438
22	45	0.0166957
22	46	0.011013
22	47	0.0199833
22	48	0.0273719
22	49	0.0211806
22	50	0.0137375
22	51	0.0177027
22	52	0.0188975
22	53	0.0155072
22	54	0.0155943
22	55	0.0145555
22	56	0.013854
22	57	0.0147976
22	58	0.0156009
22	59	0
22	60	0.0206531
22	61	0.0157872
22	62	0
22	63	0.0160962
22	64	0.0159623
22	65	0.0132057
22	66	0.015091
22	67	0.0184451
22	68	0.0152448
22	69	0
22	70	0.0139316
22	71	0.0135998
22	72	0.0157339
22	73	0.0154015
22	74	0.01387
22	75	0.0148444
22	76	0.0139058
22	77	0.0184977
23	23	3.71868
23	24	0.115205
23	25	0.01473
23	26	0.0189936
23	27	0.0157156
23	28	0.0147287
23	30	0.0145922
23	31	0
23	32	0.0141572
23	33	0.0137583
23	34	0.017777
23	35	0.0173277
23	36	0.0133068
23	38	0
23	39	0.0161277
23	40	0.0144417
23	41	0.0147532
23	42	0.0146669
23	43	0.0141305
23	44	0.0156486
23	45	0.0161235
23	46	0.0138069
23	47	0.015658
23	48	0.0129365
23	49	0.0165084
23	50	0.014645
23	51	0.0161761
23	52	0.0157943
23	53	0.0153861
23	54	0.0148266
23	55	0.0141205
23	56	0.0140603
23	57	0.0167848
23	58	0.0161198
23	59	0
23	60	0.0140006
23	61	0.0154547
23	62	0
23	63	0.0159708
23	64	0.0145343
23	65	0.0149882
23	66	0.0143801
23	67	0.0183068
23	68	0.0202704
23	69	0
23	70	0.0158024
23	71	0.015658
23	72	0.0186346
23	73	0.0183892
23	74	0.0140129
23	75	0.0166162
23	76	0.0144272
23	77	0.0157018
24	24	6.37581
24	25	0.0177811
24	26	0.0150373
24	27	0.0148167
24	28	0.0180437
24	30	0.0109319
24	32	0.0119473
24	33	0.0171522
24	34	0.0185455
24	35	0.0161404
24	36	0.0162765
24	38	0
24	39	0.0125328
24	40	0.0144034
24	41	0.0126506
24	42	0.0142412
24	43	0.0160526
24	44	0.0144227
24	45	0.0155446
24	46	0.0180324
24	47	0.0172689
24	48	0.0174292
24	49	0.0141291
24	50	0.01928
24	51	0.0191267
24	52	0.0159131
24	53	0.0149008
24	54	0.0128456
24	55	0.0146968
24	56	0.0131064
24	57	0.0125184
24	58	0.0150647
24	59	0
24	60	0.0173824
24	61	0.0154726
24	62	0
24	63	0.0162942
24	64	0.0150082
24	65	0.0147503
24	66	0.0125132
24	67	0.0163591
24	68	0.0199186
24	69	0
24	70	0.0148272
24	71	0.00901316
24	72	0.0141277
24	73	0.0191656
24	74	0.0151402
24	75	0.0202548
24	76	0.0165056
24	77	0.0160114
25	25	37.7289
25	26	0.487713
25	27	0.0147632
25	28	0.0164452
25	30	0.0156661
25	32	0.00935329
25	33	0.0214849
25	34	0.0215441
25	35	0.0126359
25	36	0.015764
25	39	0.016622
25	40	0.0225521
25	41	0.0192252
25	42	0.0130314
25	43	0.0150807
25	44	0.0196686
25	45	0.0075535
25	46	0.0169406
25	47	0.0106732
25	48	0.0292391
25	49	0.0120669
25	50	0.0150939
25	51	0.016672
25	52	0.012458
25	53	0.0156785
25	54	0.012216
25	55	0.0111948
25	56	0.0165749
25	57	0.0123295
25	58	0.0153832
25	59	0
25	60	0.00890727
25	61	0.0169729
25	63	0.015907
25	64	0.0151312
25	65	0.01555
25	66	0.0186005
25	67	0.0130042
25	68	0.0189495
25	69	0
25	70	0.00892914
25	71	0.0149426
25	72	0.0117109
25	73	0.0142147
25	74	0.0136765
25	75	0.0221998
25	76	0.0134988
25	77	0.0137082
26	26	52.5037
26	27	0.01877
26	28	0.0173207
26	30	0.00834174
26	33	0.022063
26	34	0.00769524
26	35	0.0153789
26	36	0.0107921
26	38	0
26	39	0.0123278
26	40	0.00771966
26	41	0.0215373
26	42	0.0118952
26	43	0.0186821
26	44	0.0254343
26	45	0.0379219
26	47	0.00876835
26	48	0.0080069
26	49	0.0165222
26	50	0.0241112
26	51	0.0126819
26	52	0.00379059
26	53	0.0164837
26	54	0.0197673
26	55	0.0204375
26	56	0.0129683
26	57	0.0129859
26	58	0.0168503
26	59	0
26	60	0.0176163
26	61	0.0137053
26	63	0.0151514
26	64	0.0169509
26	65	0.0137449
26	66	0.0157902
26	67	0.0161868
26	68	0.0227026
26	69	0
26	70	0.0171162
26	71	0.0238694
26	72	0.028506
26	73	0.0173003
26	74	0.0112356
26	75	0.0173693
26	76	0.0137435
26	77	0.0147112
27	27	37.6201
27	28	0.703764
27	30	0.0179331
27	32	0.0160602
27	33	0.0184454
27	34	0.0193005
27	35	0.0120537
27	36	0.017594
27	38	0
27	39	0.0178382
27	41	0.0157552
27	42	0.0186464
27	43	0.0154134
27	44	0.0131336
27	45	0.0151315
27	46	0.009696
27	47	0.0183266
27	48	0.0251027
27	49	0.0181297
27	50	0.00863905
27	51	0.0143134
27	52	0.0154492
27	53	0.0182678
27	54	0.0130303
27	55	0.0144167
27	56	0.0101644
27	57	0.0146565
27	58	0.0158483
27	59	0
27	60	0.0127453
27	61	0.0168135
27	62	0
27	63	0.0160318
27	64	0.0194858
27	65	0.015716
27	66	0.0182048
27	67	0.0121795
27	68	0.0111847
27	69	0
27	70	0.0229978
27	71	0.019243
27	72	0.0167569
27	73	0.0149157
27	74	0.0187867
27	75	0.0163365
27	76	0.015155
27	77	0.0187667
28	28	45.4437
28	30	0.0259948
28	31	0
28	32	0.0192662
28	33	0.0221276
28	34	0.0183297
28	35	0.0173519
28	36	0.0138002
28	39	0.0114128
28	40	0.0116134
28	41	0.00900013
28	42	0.0161055
28	43	0.0184902
28	44	0.0123792
28	45	0.0207452
28	46	0.0174473
28	47	0.017588
28	48	0.00602275
28	49	0.0341767
28	50	0.0051818
28	51	0.0104932
28	52	0.0142563
28	53	0.0175892
28	54	0.0148689
28	55	0.0172946
28	56	0.0121934
28	57	0.0126983
28	58	0.0147871
28	59	0
28	60	0.0137606
28	61	0.0197217
28	63	0.0149583
28	64	0.015938
28	65	0.0158124
28	66	0.013793
28	67	0.0219162
28	68	0.015857
28	69	0
28	70	0.022071
28	71	0.0179545
28	72	0.0187618
28	73	0.00975991
28	74	0.0281712
28	75	0.00326627
28	76	0.0181803
28	77	0.0129735
30	30	34.5783
30	31	0
30	32	0.0331381
30	33	0.0228358
30	34	0.0126109
30	35	0.0179073
30	36	0.0161967
30	39	0.018158
30	40	0.0199752
30	41	0.0160996
30	42	0.0190833
30	43	0.0157745
30	44	0.0131626
30	45	0.0160569
30	46	0.028009
30	47	0.0105881
30	48	0.00414368
30	49	0.0171009
30	50	0.00534766
30	51	0.0177203
30	52	0.0156935
30	53	0.0158708
30	54	0.0149514
30	55	0.015865
30	56	0.0117448
30	57	0.0188171
30	58	0.0159871
30	60	0.0126231
30	61	0.0169608
30	62	0
30	63	0.0161722
30	64	0.0160826
30	65	0.0157606
30	66	0.0131801
30	67	0.0192669
30	68	0.0134273
30	69	0
30	70	0.0177158
30	71	0.0158821
30	72	0.00645412
30	73	0.0111914
30	74	0.0174437
30	75	0.0134833
30	76	0.016187
30	77	0.0165391
31	31	0
31	36	0
31	41	0
31	42	0
31	43	0
31	49	0
31	51	0
31	53	0
31	54	0
31	55	0
31	57	0
31	58	0
31	60	0
31	61	0
31	63	0
31	64	0
31	65	0
31	66	0
31	68	0
31	70	0
31	72	0
31	73	0
31	76	0
31	77	0
32	32	296.724
32	33	5.52173
32	34	0.0142659
32	35	0.0106914
32	36	0.00600212
32	39	0.0210961
32	41	0.0199636
32	42	0.00661559
32	43	0.0164056
32	44	0.00832089
32	46	0.0430007
32	49	0.0459447
32	50	0.0191566
32	51	0.0282126
32	52	0.0105408
32	53	0.0234519
32	54	0.0197324
32	55	0.0284162
32	56	0.0180311
32	58	0.015619
32	60	0.0188413
32	61	0.00331406
32	63	0.00351107
32	64	0.0104749
32	65	0.0224834
32	66	0.0283285
32	67	0.00900244
32	70	0.0271981
32	71	0.0189645
32	72	0.029726
32	73	0.0120271
32	75	0.0241502
32	76	0.0237214
32	77	0.0112852
33	33	168.669
33	34	0.024577
33	35	0.00613963
33	36	0.0103403
33	39	0.00908598
33	40	0.024655
33	41	0.0382143
33	42	0.0189953
33	43	0.0188421
33	44	0.0191134
33	47	0.00933476
33	50	0.0330026
33	51	0.024302
33	52	0.00605318
33	53	0.0146918
33	54	0.0194255
33	55	0.0163183
33	56	0.0517727
33	57	0.00829487
33	58	0.00448469
33	60	0.0173117
33	61	0.0190313
33	63	0.0100813
33	64	0.0180459
33	65	0.0137721
33	66	0.00650718
33	67	0.0258487
33	68	0.0103582
33	70	0.0312375
33	71	0.0217812
33	72	0.0113803
33	73	0.0138134
33	74	0.0358842
33	75	0.0138685
33	76	0.0136223
33	77	0.00810077
34	34	30.3659
34	35	0.155252
34	36	0.0162295
34	39	0.0200707
34	40	0.00429965
34	41	0.0213257
34	42	0.0152382
34	43	0.0202632
34	44	0.0158329
34	45	0.0172812
34	46	0.0215319
34	47	0.0162791
34	48	0.0178385
34	49	0.0138036
34	50	0.0268586
34	51	0.014127
34	52	0.0158344
34	53	0.0149458
34	54	0.0155268
34	55	0.00853735
34	56	0.014446
34	57	0.0159122
34	58	0.0148598
34	59	0
34	60	0.0158499
34	61	0.0142713
34	62	0
34	63	0.0175811
34	64	0.0128505
34	65	0.0159116
34	66	0.0158872
34	67	0.0171297
34	68	0.0189671
34	69	0
34	70	0.0177047
34	71	0.00569771
34	72	0.0148848
34	73	0.0168627
34	74	0.0125159
34	75	0.0145113
34	76	0.0147816
34	77	0.0172351
35	35	46.9451
35	36	0.0135144
35	38	0
35	39	0.016625
35	40	0.0193339
35	41	0.0119867
35	42	0.0148957
35	43	0.0114921
35	44	0.00999218
35	45	0.00863411
35	46	0.0387282
35	47	0.0219603
35	48	0.00668442
35	49	0.0206899
35	50	0.0143777
35	51	0.0211745
35	52	0.0142403
35	53	0.0176015
35	54	0.0165024
35	55	0.0127964
35	56	0.0216528
35	57	0.0173457
35	58	0.0164117
35	59	0
35	60	0.0130098
35	61	0.0169137
35	62	0
35	63	0.0155475
35	64	0.0157235
35	65	0.0164246
35	66	0.0195606
35	67	0.0148646
35	68	0.0230142
35	69	0
35	70	0.0142892
35	71	0.0313138
35	72	0.0163609
35	73	0.0108321
35	74	0.0250129
35	75	0.0217506
35	76	0.0146386
35	77	0.0160928
36	36	24.2398
36	38	0
36	39	0.0102221
36	40	0.01809
36	41	0.0168232
36	42	0.0172823
36	43	0.0101383
36	44	0.021036
36	45	0.0145415
36	46	0.00724731
36	47	0.0123285
36	48	0.00750523
36	49	0.015487
36	50	0.0242148
36	51	0.0148591
36	52	0.0151006
36	53	0.0192238
36	54	0.0204292
36	55	0.019157
36	56	0.0151948
36	57	0.0255618
36	58	0.0269823
36	59	0
36	60	0.0165126
36	61	0.0178736
36	62	0
36	63	0.0150897
36	64	0.0152268
36	65	0.0215992
36	66	0.0145621
36	67	0.0128968
36	68	0.0159601
36	69	0
36	70	0.0171898
36	71	0.0191776
36	72	0.01169
36	73	0.0162164
36	74	0.019308
36	75	0.0203513
36	76	0.0146593
36	77	0.0135517
38	38	0
38	39	0
38	40	0
38	42	0
38	43	0
38	50	0
38	51	0
38	53	0
38	54	0
38	58	0
38	60	0
38	61	0
38	63	0
38	64	0
38	65	0
38	66	0
38	67	0
38	68	0
38	70	0
38	73	0
38	74	0
38	76	0
39	39	22.6377
39	40	2.13636
39	41	0.0147825
39	42	0.0200845
39	43	0.0141725
39	44	0.0172519
39	45	0.0113578
39	46	0.0127363
39	47	0.0144439
39	48	0.0197844
39	49	0.0153094
39	50	0.0212774
39	51	0.0167125
39	52	0.0156104
39	53	0.0134188
39	54	0.0169074
39	55	0.0115728
39	56	0.0213625
39	57	0.0128349
39	58	0.0196613
39	59	0
39	60	0.0167417
39	61	0.016687
39	62	0
39	63	0.017809
39	64	0.0155127
39	65	0.0177582
39	66	0.0148933
39	67	0.0153319
39	68	0.0180309
39	69	0
39	70	0.0140976
39	71	0.0224684
39	72	0.00880451
39	73	0.0106869
39	74	0.0169658
39	75	0.0125178
39	76	0.0150279
39	77	0.0125345
40	40	174.145
40	41	0.00401126
40	42	0.0398779
40	43	0.00659271
40	44	0.00501572
40	45	0.0346721
40	47	0.0195969
40	48	0.0268427
40	49	0.0138474
40	50	0.0115473
40	51	0.0127546
40	52	0.0190616
40	53	0.0218473
40	54	0.0220897
40	55	0.0256933
40	56	0.0108689
40	57	0.0174138
40	59	0
40	60	0.0204431
40	61	0.00998834
40	62	0
40	63	0.014815
40	64	0.0236779
40	65	0.0180703
40	66	0.0102456
40	67	0.0271327
40	68	0.0108727
40	70	0.024592
40	71	0.0114316
40	72	0.0238912
40	73	0.0217494
40	74	0.0125556
40	75	0.0291148
40	76	0.0127102
40	77	0.0153057
41	41	33.3433
41	42	0.537121
41	43	0.00970752
41	44	0.0155483
41	45	0.0161221
41	46	0.0200877
41	47	0.0182247
41	48	0.0249631
41	49	0.0128778
41	50	0.0143183
41	51	0.0164743
41	52	0.0206813
41	53	0.0173296
41	54	0.0231765
41	55	0.0159294
41	56	0.0134771
41	57	0.0209178
41	58	0.0284559
41	59	0
41	60	0.0137306
41	61	0.0139334
41	62	0
41	63	0.0182061
41	64	0.0161479
41	65	0.017225
41	66	0.0182624
41	67	0.0117753
41	68	0.0101114
41	69	0
41	70	0.0266816
41	71	0.0194903
41	72	0.0129607
41	73	0.0123606
41	74	0.0155685
41	76	0.0187152
41	77	0.0139704
42	42	30.913
42	43	0.0162538
42	44	0.0154573
42	45	0.0213704
42	46	0.0319522
42	47	0.0105689
42	48	0.0124085
42	49	0.00426747
42	50	0.0088966
42	51	0.011137
42	52	0.0146859
42	53	0.0196045
42	54	0.0175425
42	55	0.0277134
42	56	0.0184226
42	57	0.0241495
42	58	0.0217611
42	59	0
42	60	0.0157503
42	61	0.0147753
42	62	0
42	63	0.0172842
42	64	0.0170264
42	65	0.0189341
42	66	0.0210499
42	67	0.0125426
42	68	0.0117276
42	69	0
42	70	0.0164205
42	71	0.0140918
42	72	0.0184069
42	73	0.0178738
42	74	0.00967339
42	75	0.00897254
42	76	0.0127302
42	77	0.0123163
43	43	25.5378
43	44	0.822216
43	45	0.0147209
43	46	0.0231106
43	47	0.0162247
43	48	0.0307711
43	49	0.0123464
43	50	0.0132373
43	51	0.0108305
43	52	0.0161861
43	53	0.0127678
43	54	0.0168816
43	55	0.0141813
43	56	0.0152284
43	57	0.0133082
43	58	0.0245836
43	59	0
43	60	0.0188058
43	61	0.0167935
43	62	0
43	63	0.0163092
43	64	0.0205081
43	65	0.0148456
43	66	0.0152251
43	67	0.0200445
43	68	0.0193884
43	69	0
43	70	0.0125293
43	71	0.0203849
43	72	0.0144546
43	73	0.0230855
43	74	0.00959538
43	75	0.0203962
43	76	0.0169987
43	77	0.0181955
44	44	46.7118
44	45	0.0246391
44	46	0.0351649
44	47	0.0132932
44	48	0.00520235
44	49	0.02147
44	50	0.0313316
44	51	0.0107118
44	52	0.0184715
44	53	0.0159405
44	54	0.0197592
44	55	0.0132789
44	56	0.0168519
44	57	0.0202497
44	58	0.0155099
44	59	0
44	60	0.0184896
44	61	0.0185839
44	62	0
44	63	0.0188683
44	64	0.0143788
44	65	0.0115572
44	66	0.0138998
44	67	0.0178791
44	68	0.0210723
44	69	0
44	70	0.0142984
44	71	0.00886214
44	72	0.0231516
44	73	0.0154558
44	74	0.0121669
44	75	0.0112854
44	76	0.018783
44	77	0.0161503
45	45	86.9781
45	46	2.26879
45	47	0.0175032
45	48	0.0119874
45	49	0.012368
45	50	0.0206273
45	51	0.0170879
45	52	0.0255376
45	53	0.0126261
45	54	0.0189708
45	55	0.00764941
45	56	0.00970768
45	57	0.0272184
45	58	0.0168181
45	59	0
45	60	0.018259
45	61	0.0214108
45	63	0.0217385
45	64	0.0155086
45	65	0.0145257
45	66	0.0160142
45	67	0.0121169
45	68	0.0121389
45	69	0
45	70	0.014643
45	71	0.0102102
45	72	0.0186713
45	73	0.0161881
45	74	0.0336424
45	75	0.00650104
45	76	0.0156093
45	77	0.0235436
46	46	193.875
46	47	0.0294414
46	50	0.0231308
46	51	0.0127746
46	53	0.00643572
46	54	0.011913
46	55	0.0257335
46	56	0.0108859
46	57	0.0348822
46	58	0.00471483
46	59	0
46	60	0.0136501
46	61	0.0120048
46	63	0.015898
46	64	0.014229
46	65	0.0108591
46	66	0.0171028
46	68	0.00544487
46	70	0.0164203
46	71	0.0228989
46	72	0.0119643
46	73	0.0145223
46	74	0.0251504
46	75	0.0291603
46	76	0.0222776
46	77	0.0306593
47	47	69.2741
47	48	3.51642
47	49	0.0262142
47	50	0.030604
47	51	0.016097
47	52	0.0120284
47	53	0.0145971
47	54	0.0193003
47	55	0.0194558
47	56	0.0123454
47	57	0.0164829
47	58	0.0142586
47	59	0
47	60	0.0129001
47	61	0.0128579
47	62	0
47	63	0.0108177
47	64	0.0179296
47	65	0.0140254
47	66	0.0174562
47	67	0.0164366
47	68	0.0246995
47	69	0
47	70	0.0124145
47	71	0.0346253
47	72	0.0158298
47	73	0.0137244
47	74	0.00950747
47	75	0.0110233
47	76	0.0138353
47	77	0.0154533
48	48	205.08
48	49	0.0574507
48	50	0.011977
48	51	0.0220487
48	52	0.00659029
48	53	0.0239931
48	54	0.012337
48	55	0.0177662
48	56	0.03382
48	57	0.0225772
48	58	0.0146479
48	59	0
48	60	0.0117799
48	61	0.014504
48	63	0.0142686
48	64	0.0163726
48	65	0.0121827
48	66	0.0106269
48	67	0.0112569
48	68	0.0112773
48	70	0.0170047
48	71	0.0355708
48	72	0.0123901
48	73	0.00751955
48	74	0.0260455
48	75	0.015099
48	76	0.0197747
48	77	0.0123474
49	49	85.133
49	50	1.4149
49	51	0.015924
49	52	0.0203985
49	53	0.0171908
49	54	0.0172746
49	55	0.00916511
49	56	0.0174468
49	57	0.023294
49	58	0.0201505
49	60	0.00850768
49	61	0.0128266
49	63	0.0192513
49	64	0.0152031
49	65	0.0135363
49	66	0.0109642
49	67	0.0116143
49	68	0.017453
49	69	0
49	70	0.0175445
49	71	0.0122333
49	72	0.00639171
49	73	0.0193957
49	74	0.0268723
49	75	0.0233676
49	76	0.0153018
49	77	0.0127394
50	50	82.3137
50	51	0.0265581
50	52	0.0170103
50	53	0.0143354
50	54	0.0181961
50	55	0.0152855
50	56	0.0145489
50	57	0.0194248
50	58	0.00840175
50	60	0.0131756
50	61	0.0115875
50	62	0
50	63	0.0193588
50	64	0.0190168
50	65	0.0116911
50	66	0.0198099
50	67	0.0217916
50	68	0.00485133
50	69	0
50	70	0.00731516
50	71	0.00510068
50	72	0.0186551
50	73	0.016174
50	74	0.0056022
50	75	0.00649539
50	76	0.0148869
50	77	0.00834691
51	51	29.716
51	52	0.771381
51	53	0.0139341
51	54	0.0147947
51	55	0.0211046
51	56	0.0124989
51	57	0.0157342
51	58	0.0162403
51	59	0
51	60	0.0134336
51	61	0.0167371
51	62	0
51	63	0.0156459
51	64	0.0127067
51	65	0.0170694
51	66	0.0134653
51	67	0.0151551
51	68	0.019648
51	69	0
51	70	0.0228932
51	71	0.0131459
51	72	0.013737
51	73	0.013101
51	74	0.0123758
51	75	0.014349
51	76	0.0146162
51	77	0.0145278
52	52	44.818
52	53	0.0154605
52	54	0.0141841
52	55	0.0126162
52	56	0.0186794
52	57	0.0117572
52	58	0.0104018
52	59	0
52	60	0.0161726
52	61	0.0201088
52	62	0
52	63	0.0140296
52	64	0.0213154
52	65	0.0135314
52	66	0.0184467
52	67	0.0199845
52	68	0.0173512
52	69	0
52	70	0.0221382
52	71	0.0280662
52	72	0.0131977
52	73	0.0231392
52	74	0.0184955
52	75	0.0107222
52	76	0.0136524
52	77	0.0187889
53	53	8.74166
53	54	0.185212
53	55	0.0195634
53	56	0.0199699
53	57	0.0172947
53	58	0.0191686
53	59	0
53	60	0.0170321
53	61	0.015872
53	62	0
53	63	0.0156595
53	64	0.0149718
53	65	0.0186645
53	66	0.0151785
53	67	0.0132041
53	68	0.0159276
53	69	0
53	70	0.019539
53	71	0.015327
53	72	0.0157196
53	73	0.0133204
53	74	0.018081
53	75	0.0173493
53	76	0.0146745
53	77	0.0149476
54	54	11.8615
54	55	0.0185566
54	56	0.0135589
54	57	0.0185795
54	58	0.0231811
54	59	0
54	60	0.014019
54	61	0.0177069
54	62	0
54	63	0.0141739
54	64	0.0144063
54	65	0.0179154
54	66	0.0160328
54	67	0.0131829
54	68	0.017847
54	69	0
54	70	0.019914
54	71	0.0180137
54	72	0.0164707
54	73	0.0119001
54	74	0.0131899
54	75	0.0114696
54	76	0.0142912
54	77	0.0146274
55	55	60.5083
55	56	1.07906
55	57	0.0129663
55	58	0.0249256
55	60	0.0142822
55	61	0.0191717
55	62	0
55	63	0.0150584
55	64	0.0182835
55	65	0.0194351
55	66	0.016953
55	67	0.0179582
55	68	0.0161916
55	69	0
55	70	0.021702
55	72	0.0118596
55	73	0.00719757
55	74	0.0166202
55	75	0.01927
55	76	0.0152475
55	77	0.0140699
56	56	66.3434
56	57	0.0146268
56	58	0.0158163
56	60	0.0171713
56	61	0.0167795
56	62	0
56	63	0.00577753
56	64	0.0112701
56	65	0.0129015
56	66	0.013626
56	67	0.0227903
56	68	0.00913261
56	69	0
56	70	0.0172135
56	71	0.033607
56	72	0.0125422
56	73	0.0182685
56	74	0.0316384
56	75	0.00611377
56	76	0.018683
56	77	0.0107134
57	57	32.788
57	58	0.612919
57	59	0
57	60	0.0141378
57	61	0.0184825
57	62	0
57	63	0.015309
57	64	0.0146046
57	65	0.0197584
57	66	0.0209694
57	67	0.0127799
57	68	0.012803
57	69	0
57	70	0.0206841
57	71	0.011538
57	72	0.0100474
57	73	0.00975642
57	74	0.0105604
57	75	0.014693
57	76	0.0160357
57	77	0.0137318
58	58	39.9334
58	59	0
58	60	0.0128084
58	61	0.0130814
58	62	0
58	63	0.0175163
58	64	0.0166536
58	65	0.0220225
58	66	0.0192578
58	67	0.0108579
58	68	0.0187884
58	70	0.0283304
58	71	0.0145556
58	72	0.0108644
58	73	0.00659361
58	74	0.013703
58	75	0.0211837
58	76	0.0127157
58	77	0.0163951
59	59	0
59	60	0
59	61	0
59	63	0
59	64	0
59	65	0
59	66	0
59	67	0
59	70	0
59	75	0
59	76	0
59	77	0
60	60	14.8963
60	61	0.25967
60	62	0
60	63	0.0170897
60	64	0.0191194
60	65	0.0142742
60	66	0.0149876
60	67	0.0109546
60	68	0.0109744
60	69	0
60	70	0.0187064
60	71	0.0110368
60	72	0.0157269
60	73	0.020362
60	74	0.01102
60	75	0.0140547
60	76	0.0154785
60	77	0.0159713
61	61	13.7248
61	62	0
61	63	0.0167452
61	64	0.0160838
61	65	0.0181331
61	66	0.014631
61	67	0.0129852
61	68	0.013848
61	69	0
61	70	0.0132878
61	71	0.0132361
61	72	0.0147534
61	73	0.0128711
61	74	0.01163
61	75	0.0134843
61	76	0.0170467
61	77	0.0152276
62	62	0
62	63	0
62	64	0
62	65	0
62	66	0
62	67	0
62	68	0
62	69	0
62	71	0
62	72	0
62	73	0
62	75	0
62	76	0
62	77	0
63	63	6.97938
63	64	0.135222
63	65	0.0165141
63	66	0.0186428
63	67	0.0142009
63	68	0.0202285
63	69	0
63	70	0.0110611
63	71	0.0116858
63	72	0.0153862
63	73	0.0133398
63	74	0.0154018
63	75	0.0184526
63	76	0.016371
63	77	0.0150203
64	64	9.7462
64	65	0.0173595
64	66	0.0166648
64	67	0.0125776
64	68	0.0182374
64	69	0
64	70	0.0164997
64	71	0.013248
64	72	0.0127508
64	73	0.0159192
64	74	0.0176139
64	75	0.0177584
64	76	0.0153112
64	77	0.0170117
65	65	5.90234
65	66	0.141826
65	67	0.0161034
65	68	0.0136652
65	69	0
65	70	0.0206053
65	71	0.016363
65	72	0.0145966
65	73	0.0154394
65	74	0.0135885
65	75	0.0193126
65	76	0.0154199
65	77	0.0156744
66	66	10.5143
66	67	0.01289
66	68	0.0150656
66	69	0
66	70	0.0151446
66	71	0.0181028
66	72	0.0126112
66	73	0.0143508
66	74	0.014912
66	75	0.0172895
66	76	0.0154101
66	77	0.0150364
67	67	36.1838
67	68	0.509542
67	69	0
67	70	0.010313
67	71	0.0167791
67	72	0.0275527
67	73	0.0106411
67	74	0.0157962
67	75	0.0274719
67	76	0.0169901
67	77	0.0146204
68	68	37.4934
68	69	0
68	70	0.00516585
68	71	0.0120067
68	72	0.0138013
68	73	0.0197979
68	74	0.0158248
68	75	0.0214057
68	76	0.0146846
68	77	0.0107172
69	69	0
69	70	0
69	71	0
69	72	0
69	73	0
69	74	0
69	76	0
69	77	0
70	70	65.9348
70	71	1.77062
70	72	0.0113512
70	73	0.0160744
70	74	0.0119308
70	75	0.009222
70	76	0.0181166
70	77	0.0134668
71	71	84.6605
71	72	0.0184681
71	73	0.0160119
71	74	0.0166381
71	75	0.00643027
71	76	0.0175448
71	77	0.0172777
72	72	36.9939
72	73	0.60402
72	74	0.0260794
72	75	0.0201583
72	76	0.0143003
72	77	0.0239419
73	73	47.1233
73	74	0.0211035
73	75	0.0244681
73	76	0.0120169
73	77	0.0171506
74	74	81.4596
74	75	1.37719
74	76	0.0154159
74	77	0.0165013
75	75	95.9533
75	76	0.0151927
75	77	0.0162624
76	76	9.95916
76	77	0.16788
77	77	10.5779
