1	1	97.5312
1	2	1.17491
1	3	0.0705923
1	4	0.0684392
1	6	0.0201826
1	7	0.0184481
1	8	0.0204039
1	9	0.0151177
1	11	0
1	12	0.0202348
1	13	0.0145707
1	14	0.0322084
1	15	0.0069588
1	16	0.00705593
1	17	0.0156431
1	18	0.0176492
1	19	0.0217035
1	20	0.0149974
1	21	0.0167891
1	22	0.0113176
1	23	0.0133168
1	24	0.0120942
1	25	0.0047837
1	26	0.00584782
1	27	0.0163765
1	28	0.0178194
1	30	0.0167671
1	32	0.0496374
1	33	0.0135806
1	34	0.00913041
1	35	0.0123255
1	36	0.0283297
1	39	0.0171891
1	40	0.0175569
1	41	0.00706148
1	42	0.00903309
1	43	0.0165763
1	44	0.0182475
1	45	0.00858526
1	47	0.00393111
1	49	0.00508217
1	50	0.0144153
1	51	0.00700611
1	52	0.0125589
1	53	0.0152303
1	54	0.0109487
1	55	0.00385252
1	56	0.00964381
1	57	0.00988322
1	58	0.0197608
1	60	0.0120168
1	61	0.0160699
1	62	0
1	63	0.0131349
1	64	0.0118332
1	65	0.0179096
1	66	0.00828649
1	67	0.0175624
1	68	0.0140063
1	69	0
1	70	0.0100718
1	71	0.00948582
1	72	0.00828143
1	73	0.0170392
1	74	0.0152287
1	75	0.0113243
1	76	0.0109913
1	77	0.0078745
2	2	104.005
2	3	1.3702
2	4	0.088037
2	6	0.0161302
2	7	0.023959
2	8	0.0211992
2	9	0.0274872
2	11	0
2	12	0.0196219
2	13	0.0134566
2	14	0.0195206
2	15	0.0144601
2	16	0.0175943
2	17	0.0135441
2	18	0.0169266
2	19	0.0126841
2	20	0.0226648
2	21	0.0150375
2	22	0.0235176
2	23	0.0108921
2	24	0.0108522
2	25	0.0124254
2	26	0.00911364
2	27	0.0127611
2	28	0.0132243
2	30	0.0142533
2	32	0.0343815
2	33	0.0141099
2	34	0.0246644
2	35	0.012806
2	36	0.0117736
2	39	0.0137378
2	40	0.00912061
2	41	0.00733673
2	42	0.015642
2	43	0.014352
2	44	0.0094794
2	45	0.00445995
2	46	0.0104515
2	47	0.00816868
2	48	0.0441474
2	49	0.0105605
2	50	0.0199696
2	51	0.0163782
2	52	0.00521936
2	53	0.00982174
2	54	0.0136506
2	55	0.00400268
2	56	0.00500986
2	57	0.00513422
2	58	0.0223975
2	60	0.0115934
2	61	0.0150267
2	63	0.0144998
2	64	0.0170757
2	65	0.010633
2	66	0.0186539
2	67	0.0156403
2	68	0.0169776
2	69	0
2	70	0.0139526
2	71	0.00985557
2	72	0.0143404
2	73	0.010622
2	74	0.00527409
2	76	0.018809
2	77	0.0109086
3	3	109.479
3	4	1.29866
3	6	0.0298543
3	7	0.026278
3	8	0.0217978
3	9	0.0181693
3	11	0
3	12	0.0144115
3	13	0.012107
3	14	0.0329751
3	15	0.0193289
3	16	0.00753798
3	17	0.0167118
3	18	0.0246565
3	19	0.0217371
3	20	0.0189351
3	21	0.0105143
3	22	0.0211589
3	23	0.0178589
3	24	0.0152697
3	25	0.00766577
3	26	0.0156183
3	27	0.0153084
3	28	0.0163172
3	30	0.0130274
3	34	0.0136559
3	35	0.00526703
3	36	0.0226988
3	39	0.0183635
3	40	0.0187563
3	41	0.0150878
3	42	0.0128669
3	43	0.00885437
3	44	0.0155953
3	45	0.0183436
3	46	0.0107467
3	47	0.00839935
3	48	0.0113485
3	49	0.00542937
3	50	0.0359337
3	51	0.00748475
3	52	0.00536675
3	53	0.0123433
3	54	0.0116967
3	55	0.00823142
3	56	0.030908
3	57	0.0193571
3	58	0.00959582
3	59	0
3	60	0.0192567
3	61	0.0145926
3	62	0
3	63	0.0127167
3	64	0.0140463
3	65	0.0109332
3	66	0.0177052
3	67	0.0187622
3	68	0.0149631
3	70	0.0143466
3	71	0.0152008
3	72	0.00294906
3	73	0.0145626
3	74	0.00542302
3	75	0.00604896
3	76	0.0138144
3	77	0.0105156
4	4	105.902
4	6	0.0185301
4	7	0.0200172
4	8	0.0201266
4	9	0.0164035
4	12	0.00731861
4	13	0.0193233
4	14	0.0174739
4	15	0.0166115
4	16	0.00765606
4	17	0.0169736
4	18	0.0191503
4	19	0.0132466
4	20	0.0118349
4	21	0.0138198
4	22	0.00921018
4	23	0.01199
4	24	0.0131229
4	25	0.0155717
4	26	0.00951779
4	27	0.0066635
4	28	0.019335
4	30	0.00992357
4	32	0.0179531
4	34	0.0118884
4	35	0.00534954
4	36	0.0138327
4	39	0.00573881
4	40	0.0476254
4	41	0.0095776
4	42	0.00490069
4	43	0.0149885
4	44	0.0178196
4	45	0.0186309
4	46	0.010915
4	47	0.0255928
4	49	0.0110288
4	50	0.0104276
4	51	0.011403
4	52	0.0109016
4	53	0.0125367
4	54	0.00712798
4	56	0.0209281
4	57	0.00893651
4	58	0.0136446
4	60	0.0176957
4	61	0.0139494
4	62	0
4	63	0.00935293
4	64	0.0164063
4	65	0.0111045
4	66	0.00974055
4	67	0.0108892
4	68	0.0253293
4	70	0.00728565
4	71	0.0154389
4	72	0.0119811
4	73	0.0147907
4	74	0.0165239
4	75	0.0184312
4	76	0.0126277
4	77	0.00640818
6	6	94.797
6	7	1.53525
6	8	0.0977958
6	9	0.0918172
6	11	0
6	12	0.022313
6	13	0.0217576
6	14	0.0180356
6	15	0.0244593
6	16	0.00875318
6	17	0.0161716
6	18	0.016842
6	19	0.014023
6	20	0.0169136
6	21	0.0155608
6	22	0.012675
6	23	0.0117164
6	24	0.00909298
6	25	0.0123633
6	26	0.00302269
6	27	0.00846487
6	28	0.0105265
6	30	0.0078789
6	33	0.0421181
6	34	0.0132144
6	35	0.0127419
6	36	0.0102504
6	39	0.0109353
6	40	0.00907502
6	41	0.00912506
6	42	0.00933826
6	43	0.0114242
6	44	0.018864
6	45	0.00887531
6	46	0.0103993
6	47	0.0162557
6	48	0.0109817
6	49	0.0105077
6	50	0.0149024
6	51	0.0054321
6	52	0.0155798
6	53	0.00651509
6	54	0.0158461
6	55	0.0159307
6	56	0.00996962
6	57	0.00851426
6	58	0.00371426
6	60	0.0133102
6	61	0.011629
6	63	0.0123057
6	64	0.012233
6	65	0.0117134
6	66	0.0128497
6	67	0.0181557
6	68	0.00482649
6	69	0
6	70	0.0104121
6	71	0.0147094
6	72	0.0114149
6	73	0.0176148
6	74	0.00524772
6	76	0.00868909
6	77	0.00949729
7	7	110.93
7	8	1.74883
7	9	0.123806
7	11	0
7	12	0.023476
7	13	0.0182305
7	14	0.0192333
7	15	0.0256451
7	16	0.0115569
7	17	0.0186826
7	18	0.0277958
7	19	0.0194404
7	20	0.0181441
7	21	0.0154088
7	22	0.0193095
7	23	0.0127621
7	24	0.0146318
7	25	0.00979402
7	26	0.0119727
7	27	0.0146688
7	28	0.00781778
7	30	0.00936233
7	34	0.011216
7	35	0.0126175
7	36	0.0101503
7	39	0.00270712
7	40	0.0269591
7	41	0.00542156
7	42	0.0123294
7	43	0.00989854
7	44	0.0149438
7	45	0.00878861
7	46	0.0102977
7	47	0.00804845
7	48	0.0326232
7	49	0.0156076
7	50	0.0196757
7	51	0.00896507
7	52	0.0154276
7	53	0.0134405
7	54	0.0119553
7	55	0.0118313
7	56	0.0148084
7	57	0.0101173
7	58	0.00735595
7	59	0
7	60	0.0123015
7	61	0.0131605
7	62	0
7	63	0.013446
7	64	0.0181703
7	65	0.0108506
7	66	0.0127242
7	67	0.0128417
7	68	0.00955869
7	69	0
7	70	0.0068736
7	71	0.00485525
7	72	0.0169552
7	73	0.00348856
7	74	0.0103929
7	75	0.0173888
7	76	0.0138991
7	77	0.0174655
8	8	161.858
8	9	2.24303
8	11	0
8	12	0.0166618
8	13	0.0259954
8	14	0.031494
8	15	0.0257852
8	16	0.0278882
8	17	0.0209316
8	18	0.0167686
8	19	0.0184297
8	20	0.0218919
8	21	0.0164465
8	22	0.0186385
8	23	0.0111987
8	24	0.011543
8	25	0.0088628
8	26	0.00722286
8	27	0.012642
8	28	0.0125768
8	30	0.0131789
8	34	0.00902186
8	36	0.0209947
8	38	0
8	39	0.0179647
8	41	0.00218048
8	42	0.0148761
8	43	0.0136493
8	44	0.0292997
8	45	0.00530199
8	46	0.0372744
8	47	0.0291328
8	48	0.0131206
8	49	0.0125544
8	50	0.0178049
8	51	0.0151436
8	52	0.0217167
8	53	0.0090814
8	54	0.00721237
8	55	0.0142752
8	56	0.00595572
8	57	0.0122071
8	58	0.0155319
8	59	0
8	60	0.0233239
8	61	0.0168713
8	62	0
8	63	0.0111536
8	64	0.0138037
8	65	0.0130919
8	66	0.0119408
8	67	0.00929657
8	68	0.0115331
8	70	0.0041467
8	71	0.00585815
8	72	0.0102287
8	73	0.0084183
8	74	0.00626984
8	75	0.00699352
8	76	0.0143744
8	77	0.00891558
9	9	136.939
9	11	0
9	12	0.0135797
9	13	0.0162975
9	14	0.0202643
9	15	0.0105077
9	16	0.0177573
9	17	0.0164034
9	18	0.0153751
9	19	0.00682751
9	20	0.0223028
9	21	0.0152982
9	22	0.00830738
9	23	0.0103393
9	24	0.00899272
9	25	0.00902916
9	26	0.0183961
9	27	0.018031
9	28	0.0224225
9	30	0.0095902
9	32	0.0208199
9	33	0.0170887
9	34	0.0091912
9	35	0.0155095
9	36	0.0124768
9	39	0.0133104
9	41	0.011107
9	42	0.00947211
9	43	0.0104291
9	44	0.0114806
9	45	0.00540151
9	47	0.0098932
9	48	0.0133669
9	49	0.00639501
9	50	0.0302319
9	51	0.00661195
9	52	0.00632124
9	53	0.0112344
9	54	0.00642928
9	55	0.00969541
9	56	0.0182025
9	57	0.0186544
9	58	0.00678149
9	60	0.0118808
9	61	0.0121327
9	63	0.0180774
9	64	0.00992668
9	65	0.0124178
9	66	0.0130338
9	67	0.00631404
9	68	0.0117496
9	70	0.00422454
9	71	0.0119362
9	72	0.0138943
9	73	0.00857631
9	74	0.00638752
9	75	0.00712479
9	76	0.00813566
9	77	0.0115601
11	11	0
11	12	0
11	13	0
11	14	0
11	15	0
11	16	0
11	17	0
11	18	0
11	19	0
11	20	0
11	21	0
11	22	0
11	23	0
11	24	0
11	27	0
11	28	0
11	30	0
11	34	0
11	40	0
11	41	0
11	42	0
11	44	0
11	46	0
11	48	0
11	51	0
11	53	0
11	54	0
11	55	0
11	57	0
11	58	0
11	60	0
11	61	0
11	63	0
11	64	0
11	65	0
11	66	0
11	68	0
11	72	0
11	73	0
11	75	0
11	76	0
11	77	0
12	12	120.436
12	13	2.11158
12	14	0.11211
12	15	0.0800106
12	16	0.0253523
12	17	0.0210775
12	18	0.0134146
12	19	0.0231509
12	20	0.015921
12	21	0.0130009
12	22	0.0160965
12	23	0.010944
12	24	0.00740714
12	25	0.00859404
12	26	0.0105057
12	27	0.0110328
12	28	0.0274397
12	30	0.00684603
12	34	0.0082015
12	35	0.0221431
12	36	0.0165409
12	39	0.0154404
12	40	0.0157707
12	41	0.0142719
12	42	0.00811408
12	43	0.00868574
12	44	0.00491732
12	45	0.00771181
12	46	0.00903601
12	47	0.0141247
12	48	0.00954205
12	49	0.00913024
12	50	0.0086325
12	51	0.0157333
12	52	0.00902493
12	53	0.0117938
12	54	0.00983483
12	55	0.0173028
12	56	0.012994
12	57	0.0192351
12	58	0.0161367
12	60	0.0161914
12	61	0.0129915
12	62	0
12	63	0.0136421
12	64	0.0129914
12	65	0.00853623
12	66	0.0111652
12	67	0.0112683
12	68	0.0146782
12	69	0
12	70	0.0120629
12	71	0.00426038
12	72	0.0123982
12	73	0.00612226
12	74	0.0136793
12	76	0.0116154
12	77	0.0135573
13	13	168.642
13	14	1.92128
13	15	0.0870215
13	16	0.0212984
13	17	0.0267012
13	18	0.00585432
13	19	0.0131609
13	20	0.0117584
13	21	0.0180993
13	22	0.015251
13	23	0.0125234
13	24	0.0118528
13	25	0.00773552
13	26	0.0126083
13	27	0.0132408
13	28	0.0109771
13	30	0.0147891
13	33	0.0292807
13	34	0.0177173
13	36	0.0167973
13	39	0.00855256
13	40	0.018927
13	41	0.0209345
13	42	0.011361
13	43	0.0119132
13	44	0.0118029
13	46	0.0216889
13	47	0.0211894
13	48	0.0229035
13	49	0.0109575
13	50	0.0207204
13	51	0.0132175
13	52	0.0108312
13	53	0.0107571
13	54	0.0133769
13	55	0.00830632
13	56	0.0051982
13	57	0.021309
13	58	0.00580988
13	60	0.0129546
13	61	0.0225212
13	63	0.0132749
13	64	0.0106306
13	65	0.016155
13	66	0.0133997
13	67	0.0135235
13	68	0.0100662
13	70	0.0253349
13	71	0.0204521
13	72	0.0119036
13	73	0.0110213
13	74	0.0109447
13	75	0.024416
13	76	0.0153341
13	77	0.00990384
14	14	115.858
14	15	1.42405
14	16	0.0138717
14	17	0.0232984
14	18	0.0206246
14	19	0.0169704
14	20	0.0194939
14	21	0.0139684
14	22	0.0185418
14	23	0.0151918
14	24	0.0103164
14	25	0.0106871
14	26	0.0104515
14	27	0.00914648
14	28	0.013649
14	30	0.00544854
14	32	0.0147857
14	33	0.0242718
14	34	0.0130546
14	35	0.00440574
14	36	0.00759482
14	38	0
14	39	0.0129974
14	41	0.011043
14	42	0.00269072
14	43	0.00864088
14	44	0.0130451
14	45	0.0191799
14	46	0.00898933
14	47	0.0140517
14	48	0.00949276
14	49	0.0227077
14	50	0.0128819
14	51	0.0125216
14	52	0.00673373
14	53	0.0122022
14	54	0.0084795
14	55	0.0172135
14	56	0.0129269
14	57	0.00883186
14	58	0.014448
14	59	0
14	60	0.0145737
14	61	0.0208227
14	63	0.0168729
14	64	0.018799
14	65	0.00849213
14	66	0.0123417
14	67	0.0112101
14	68	0.0125163
14	69	0
14	70	0.0150007
14	71	0.0127151
14	72	0.0148009
14	73	0.00609064
14	74	0.00907245
14	76	0.0138665
14	77	0.01466
15	15	101.677
15	16	0.020925
15	17	0.0193296
15	18	0.0226472
15	19	0.0138281
15	20	0.0151623
15	21	0.00965744
15	22	0.0148588
15	23	0.0105032
15	24	0.0106988
15	25	0.00664991
15	26	0.00270972
15	27	0.0094855
15	28	0.0117957
15	30	0.011301
15	34	0.00676925
15	35	0.00456905
15	36	0.0065636
15	38	0
15	39	0.0183807
15	40	0.0244061
15	41	0.00818024
15	42	0.0139523
15	43	0.00640083
15	44	0.0084554
15	45	0.0119345
15	46	0.0279676
15	47	0.0182157
15	48	0.0196892
15	49	0.00470988
15	50	0.0178125
15	51	0.0129857
15	52	0.00465555
15	53	0.00973419
15	54	0.00541157
15	55	0.0178515
15	56	0.013406
15	57	0.00610615
15	58	0.0199781
15	60	0.0230686
15	61	0.0171266
15	62	0
15	63	0.0125531
15	64	0.0158403
15	65	0.011178
15	66	0.0108792
15	67	0.0162759
15	68	0.0194704
15	69	0
15	70	0.0124454
15	71	0.0263728
15	72	0.00767477
15	73	0.0189492
15	74	0.0141131
15	75	0.0104947
15	76	0.00958697
15	77	0.0164197
16	16	105.778
16	17	1.37441
16	18	0.0752687
16	19	0.0803029
16	20	0.0755887
16	21	0.0152324
16	22	0.0203837
16	23	0.0149098
16	24	0.0113647
16	25	0.015733
16	26	0.0109902
16	27	0.00769432
16	28	0.0191366
16	30	0.0071617
16	31	0
16	32	0.0155478
16	33	0.0255228
16	34	0.00857967
16	35	0.00694923
16	36	0.0133104
16	39	0.00621242
16	40	0.00824893
16	41	0.0182477
16	42	0.014147
16	43	0.0142784
16	44	0.0154322
16	45	0.0121011
16	46	0.00945265
16	47	0.0184699
16	48	0.00998203
16	49	0.00955123
16	50	0.00903054
16	51	0.00822938
16	52	0.00944106
16	53	0.0108571
16	54	0.012346
16	55	0.00724027
16	56	0.00453105
16	57	0.00309569
16	58	0.0151927
16	59	0
16	60	0.00967885
16	61	0.0120805
16	62	0
16	63	0.0154283
16	64	0.0111195
16	65	0.00961674
16	66	0.0149244
16	67	0.00235758
16	68	0.00658071
16	69	0
16	70	0.00630954
16	71	0.0356546
16	72	0.0077819
16	73	0.0128091
16	74	0.0143101
16	75	0.0053206
16	76	0.0182265
16	77	0.0117159
17	17	94.89
17	18	1.25036
17	19	0.0953749
17	20	0.0568073
17	21	0.0165837
17	22	0.0163735
17	23	0.0108217
17	24	0.0138386
17	25	0.0228384
17	26	0.00507612
17	27	0.0142154
17	28	0.0022097
17	30	0.0185239
17	31	0
17	32	0.0430871
17	33	0.0117884
17	34	0.00792554
17	35	0.00641941
17	36	0.0098365
17	38	0
17	39	0.0183641
17	40	0.01524
17	41	0.00459722
17	42	0.0091479
17	43	0.0227823
17	44	0.00950372
17	45	0.00745232
17	46	0.00873196
17	47	0.010237
17	48	0.0276629
17	50	0.0125131
17	51	0.0167243
17	52	0.00654094
17	53	0.0104852
17	54	0.0133055
17	55	0.0200648
17	56	0.00837119
17	57	0.0142983
17	58	0.012475
17	60	0.0126663
17	61	0.0139493
17	62	0
17	63	0.0153209
17	64	0.0136956
17	65	0.00729719
17	66	0.0149854
17	67	0.00653349
17	68	0.012158
17	70	0.00582849
17	71	0.00411702
17	72	0.011981
17	73	0.00887439
17	74	0.0132191
17	75	0.00491495
17	76	0.0185205
17	77	0.010253
18	18	101.857
18	19	1.36485
18	20	0.0825805
18	21	0.0141309
18	22	0.0161997
18	23	0.0174177
18	24	0.00795159
18	25	0.00216228
18	26	0.0185029
18	27	0.00925291
18	28	0.0092052
18	30	0.0124018
18	32	0.0149577
18	33	0.0122771
18	34	0.0115557
18	35	0.0200565
18	36	0.00896372
18	39	0.01793
18	40	0.0317435
18	41	0.0127674
18	42	0.00544406
18	43	0.0149853
18	44	0.00989768
18	45	0.00776124
18	47	0.0213228
18	48	0.00960322
18	49	0.0183775
18	50	0.00434392
18	51	0.00791708
18	52	0.0204363
18	53	0.00997027
18	54	0.00989788
18	55	0.013931
18	56	0.0043591
18	57	0.0104237
18	58	0.0129921
18	60	0.0162952
18	61	0.0203386
18	62	0
18	63	0.0141006
18	64	0.0130747
18	65	0.0122256
18	66	0.0112367
18	67	0.0249492
18	68	0.012662
18	70	0.0060701
18	71	0.0128631
18	72	0.0174687
18	73	0.00616151
18	74	0.00917802
18	75	0.00511869
18	76	0.0111054
18	77	0.0124577
19	19	101.172
19	20	1.30168
19	21	0.0135959
19	22	0.0178896
19	23	0.0130521
19	24	0.0143999
19	25	0.0172835
19	26	0.010564
19	27	0.00739599
19	28	0.0114967
19	30	0.0123912
19	32	0.0149449
19	34	0.0148446
19	35	0.011133
19	36	0.00511774
19	39	0.0119431
19	40	0.0079291
19	41	0.00797282
19	42	0.0135985
19	43	0.0112294
19	44	0.0148338
19	45	0.0271411
19	46	0.00908615
19	47	0.014203
19	48	0.01919
19	49	0.00459045
19	50	0.0086804
19	51	0.0142385
19	52	0.00680626
19	53	0.0161285
19	54	0.0138452
19	55	0.0243584
19	56	0.00871074
19	57	0.0163661
19	58	0.00486788
19	60	0.0178319
19	61	0.0145151
19	63	0.0140886
19	64	0.0160325
19	65	0.0115548
19	66	0.0112271
19	67	0.0113308
19	68	0.0253022
19	70	0.0060649
19	71	0.0214201
19	72	0.012467
19	73	0.00615623
19	74	0.0183403
19	76	0.0105119
19	77	0.0124471
20	20	97.6091
20	21	0.0105119
20	22	0.0145561
20	23	0.0113182
20	24	0.0134753
20	25	0.00868589
20	26	0.010618
20	27	0.0185845
20	28	0.0161776
20	30	0.00968688
20	33	0.0123293
20	34	0.00994699
20	35	0.00671393
20	36	0.00900182
20	38	0
20	39	0.0168058
20	40	0.0159392
20	41	0.0192326
20	42	0.0109344
20	43	0.015049
20	44	0.0115964
20	45	0.00389712
20	46	0.00913258
20	47	0.0107067
20	48	0.00964404
20	49	0.00922783
20	50	0.00872477
20	51	0.0143113
20	52	0.00684104
20	53	0.0119198
20	54	0.00993995
20	55	0.00699511
20	56	0.00875526
20	57	0.00299087
20	58	0.00652367
20	60	0.0171437
20	61	0.0138598
20	62	0
20	63	0.0134153
20	64	0.0143239
20	65	0.00995476
20	66	0.0119114
20	67	0.0113887
20	68	0.00635789
20	69	0
20	70	0.0121918
20	71	0.0172236
20	72	0.0075184
20	73	0.0216569
20	74	0.00460852
20	75	0.0359831
20	76	0.0135005
20	77	0.0137022
21	21	36.1986
21	22	0.746065
21	23	0.017367
21	24	0.0156824
21	25	0.0129088
21	26	0.0169075
21	27	0.0173611
21	28	0.0166828
21	30	0.00763896
21	31	0
21	32	0.0255137
21	33	0.0157059
21	34	0.016191
21	35	0.019006
21	36	0.0163817
21	38	0
21	39	0.0173307
21	40	0.0101523
21	41	0.0142916
21	42	0.0127683
21	43	0.0165079
21	44	0.0175861
21	45	0.00992887
21	46	0.00387792
21	47	0.0106081
21	48	0.0245706
21	49	0.0097959
21	50	0.0203761
21	51	0.0263334
21	52	0.0145244
21	53	0.0143745
21	54	0.0140691
21	55	0.0163366
21	56	0.0111531
21	57	0.0158749
21	58	0.011773
21	59	0
21	60	0.0152211
21	61	0.0167264
21	62	0
21	63	0.0183553
21	64	0.0144455
21	65	0.0157809
21	66	0.0146412
21	67	0.0183766
21	68	0.0242974
21	69	0
21	70	0.016825
21	71	0.0146272
21	72	0.0212833
21	73	0.0183921
21	74	0.017612
21	75	0.0218276
21	76	0.0152039
21	77	0.0136603
22	22	60.6413
22	23	0.0195734
22	24	0.0207146
22	25	0.0165233
22	26	0.0146901
22	27	0.0167126
22	28	0.0175856
22	30	0.0162736
22	32	0.020782
22	33	0.0085288
22	34	0.0160553
22	35	0.0154812
22	36	0.0133436
22	39	0.0157774
22	40	0.011026
22	41	0.0155215
22	42	0.0104003
22	43	0.0138802
22	44	0.0148976
22	45	0.0215667
22	46	0.0189524
22	47	0.0024688
22	48	0.0133425
22	49	0.0255334
22	50	0.0150884
22	51	0.0274996
22	52	0.0126195
22	53	0.0178104
22	54	0.0151271
22	55	0.0120972
22	56	0.00605646
22	57	0.00724128
22	58	0.0135383
22	60	0.0253356
22	61	0.0196797
22	62	0
22	63	0.0177867
22	64	0.0140372
22	65	0.0153792
22	66	0.0160458
22	67	0.00945382
22	68	0.0146603
22	69	0
22	70	0.0126505
22	71	0.0208503
22	72	0.0121353
22	73	0.0149812
22	74	0.0127518
22	75	0.0213355
22	76	0.0158356
22	77	0.0156601
23	23	19.7048
23	24	0.548773
23	25	0.0239171
23	26	0.0253758
23	27	0.0212418
23	28	0.020652
23	30	0.0126537
23	31	0
23	32	0.0156083
23	33	0.00512444
23	34	0.0127474
23	35	0.0134875
23	36	0.0144313
23	38	0
23	39	0.0162152
23	40	0.00828106
23	41	0.0163204
23	42	0.0147702
23	43	0.0164189
23	44	0.0192793
23	45	0.0186273
23	46	0.00948947
23	47	0.0111251
23	48	0.0100209
23	49	0.0201357
23	50	0.0154117
23	51	0.0198274
23	52	0.0142168
23	53	0.0200152
23	54	0.0187288
23	55	0.0138101
23	56	0.0181948
23	57	0.0114987
23	58	0.0176244
23	59	0
23	60	0.0155465
23	61	0.0121275
23	62	0
23	63	0.0169598
23	64	0.0155039
23	65	0.0164121
23	66	0.0185002
23	67	0.0203542
23	68	0.0220212
23	69	0
23	70	0.0171021
23	71	0.0161071
23	72	0.0229158
23	73	0.0276469
23	74	0.0201122
23	75	0.016024
23	76	0.0173216
23	77	0.0159709
24	24	40.4406
24	25	0.0201379
24	26	0.0139142
24	27	0.019483
24	28	0.0214326
24	30	0.0106016
24	31	0
24	32	0.00605675
24	33	0.0198852
24	34	0.0167114
24	35	0.021657
24	36	0.015037
24	38	0
24	39	0.0140366
24	40	0.00642686
24	41	0.016802
24	42	0.0165332
24	43	0.020732
24	44	0.022043
24	45	0.0141422
24	46	0.0184118
24	47	0.0215853
24	48	0.0233314
24	49	0.0279057
24	50	0.0228664
24	51	0.0243642
24	52	0.011953
24	53	0.0188403
24	54	0.0243145
24	55	0.016923
24	56	0.0158859
24	57	0.0192952
24	58	0.0170977
24	59	0
24	60	0.0138251
24	61	0.0152946
24	62	0
24	63	0.0150255
24	64	0.0163641
24	65	0.0168582
24	66	0.0108695
24	67	0.0146946
24	68	0.0162359
24	69	0
24	70	0.0208924
24	71	0.00868094
24	72	0.0151575
24	73	0.0124747
24	74	0.018582
24	75	0.0186541
24	76	0.0168039
24	77	0.0180158
25	25	191.087
25	26	1.81152
25	27	0.0130413
25	28	0.00810877
25	30	0.00485541
25	31	0
25	33	0.0216296
25	34	0.0319921
25	35	0.00785227
25	36	0.00676805
25	38	0
25	39	0.0126355
25	40	0.0139813
25	41	0.0112467
25	42	0.00959124
25	43	0.0176005
25	44	0.0145313
25	45	0.0068368
25	46	0.032043
25	47	0.0187831
25	49	0.0323772
25	50	0.0153061
25	51	0.0195274
25	52	0.0400047
25	53	0.016729
25	54	0.0186004
25	55	0.0184075
25	56	0.0153596
25	57	0.0157408
25	58	0.0171669
25	60	0.00820245
25	61	0.0115175
25	63	0.0169973
25	64	0.0157055
25	65	0.0168817
25	66	0.0109981
25	67	0.0239755
25	68	0.0148717
25	69	0
25	70	0.0374296
25	71	0.0302158
25	72	0.0131897
25	73	0.0217104
25	74	0.0323393
25	75	0.04509
25	76	0.012357
25	77	0.0135867
26	26	217.27
26	27	0.0239134
26	28	0.0247813
26	30	0.00296774
26	33	0.0528819
26	34	0.0177766
26	35	0.0191979
26	36	0.0137893
26	38	0
26	39	0.0231693
26	41	0.0103114
26	42	0.0117248
26	43	0.0322735
26	44	0.014211
26	45	0.0167152
26	46	0.0391708
26	47	0.0153075
26	50	0.0187108
26	51	0.0136407
26	52	0.0146711
26	53	0.0163602
26	54	0.0184746
26	55	0.0150015
26	56	0.00938811
26	57	0.0192423
26	58	0.00349761
26	60	0.0116982
26	61	0.0109507
26	62	0
26	63	0.0135858
26	64	0.0115195
26	65	0.0156557
26	66	0.0147891
26	67	0.0244239
26	68	0.0227248
26	69	0
26	70	0.0196096
26	71	0.0369372
26	72	0.037622
26	73	0.0265398
26	74	0.0197665
26	75	0.0330721
26	76	0.0188822
26	77	0.0153314
27	27	165.202
27	28	2.59551
27	30	0.0145442
27	33	0.0370232
27	34	0.0124456
27	35	0.020161
27	36	0.00772321
27	39	0.0090117
27	40	0.0239317
27	41	0.0168446
27	42	0.0184694
27	43	0.0320096
27	44	0.00746193
27	45	0.00585126
27	46	0.0274239
27	47	0.0107169
27	48	0.0144799
27	50	0.0261993
27	51	0.014325
27	52	0.0273903
27	53	0.0200444
27	54	0.016914
27	55	0.015754
27	56	0.00657271
27	57	0.00898117
27	58	0.00979485
27	59	0
27	60	0.0175501
27	61	0.0142381
27	62	0
27	63	0.0151066
27	64	0.0152337
27	65	0.0184339
27	66	0.0225905
27	67	0.0102597
27	68	0.0286378
27	69	0
27	70	0.0137289
27	71	0.0193951
27	72	0.0112884
27	73	0.0371616
27	74	0.0276775
27	75	0.0154361
27	76	0.0193887
27	77	0.016995
28	28	212.836
28	30	0.0284216
28	31	0
28	34	0.0185722
28	35	0.0167142
28	36	0.0216095
28	39	0.0246544
28	41	0.00897734
28	42	0.0255197
28	43	0.0117076
28	44	0.00618621
28	45	0.0363818
28	46	0.0170516
28	47	0.0199907
28	49	0.0086147
28	50	0.0325802
28	51	0.0178139
28	52	0.025546
28	53	0.0160241
28	54	0.0197963
28	55	0.0130607
28	56	0.00817353
28	57	0.0139607
28	58	0.0121804
28	60	0.0203695
28	61	0.00817196
28	63	0.021569
28	64	0.0211727
28	65	0.0142498
28	66	0.0128758
28	67	0.00850563
28	68	0.00791393
28	69	0
28	70	0.00569086
28	71	0.00803962
28	72	0.0187169
28	73	0.0231063
28	74	0.0172092
28	75	0.0287934
28	76	0.0142474
28	77	0.0144602
30	30	119.895
30	31	0
30	32	0.0671752
30	33	0.0137841
30	34	0.0148276
30	35	0.0100082
30	36	0.00431315
30	38	0
30	39	0.0107365
30	40	0.0356401
30	41	0.0179183
30	42	0.019865
30	43	0.0266392
30	44	0.0222253
30	45	0.0304988
30	46	0.0102102
30	47	0.00399003
30	48	0.021564
30	50	0.0195086
30	51	0.0177778
30	52	0.017846
30	53	0.0154586
30	54	0.0185214
30	55	0.015641
30	56	0.0244709
30	57	0.0200627
30	58	0.0273505
30	59	0
30	60	0.0130682
30	61	0.0146797
30	63	0.014165
30	64	0.0200177
30	65	0.0178071
30	66	0.0189241
30	67	0.00763956
30	68	0.00947748
30	69	0
30	70	0.00681521
30	71	0.019256
30	72	0.0112074
30	73	0.0172946
30	74	0.0154569
30	76	0.0196872
30	77	0.0179832
31	31	0
31	49	0
31	52	0
31	54	0
31	61	0
31	63	0
31	65	0
31	66	0
31	68	0
31	73	0
31	76	0
31	77	0
32	32	1052.93
32	33	27.6804
32	35	0.0271593
32	36	0.0156061
32	39	0.0291356
32	42	0.033174
32	44	0.0201042
32	49	0.111986
32	52	0.0276735
32	53	0.0173586
32	54	0.00804185
32	55	0.0424451
32	56	0.106251
32	57	0.0181481
32	60	0.00945684
32	61	0.0177051
32	63	0.0180893
32	64	0.0217288
32	65	0.00805384
32	66	0.0152161
32	68	0.025719
32	70	0.0369889
32	76	0.0142467
32	77	0.0144596
33	33	1266.16
33	34	0.0330266
33	35	0.022292
33	36	0.0128093
33	39	0.0239141
33	40	0.0793836
33	41	0.0159643
33	43	0.0374749
33	51	0.0158391
33	53	0.0189969
33	54	0.0198019
33	58	0.0324904
33	60	0.00776204
33	61	0.0145321
33	63	0.0111356
33	64	0.0237796
33	65	0.013221
33	66	0.0249783
33	67	0.0453763
33	72	0.024963
33	74	0.0918088
33	75	0.0512028
33	76	0.0175403
33	77	0.0178023
34	34	149.024
34	35	0.362691
34	36	0.0206685
34	39	0.00964669
34	41	0.0257592
34	42	0.0201369
34	43	0.00839831
34	44	0.00887524
34	45	0.0208785
34	46	0.0122318
34	47	0.0239002
34	49	0.0123593
34	50	0.00584278
34	51	0.0191679
34	52	0.0213794
34	53	0.0134105
34	54	0.0221885
34	55	0.0234224
34	56	0.029316
34	57	0.0180263
34	58	0.0218438
34	59	0
34	60	0.0146119
34	61	0.00879312
34	63	0.0164705
34	64	0.0183855
34	65	0.0222216
34	66	0.0184726
34	67	0.021355
34	68	0.0340619
34	69	0
34	70	0.0122469
34	71	0.0288357
34	72	0.0268528
34	73	0.0124313
34	74	0.0123449
34	75	0.0275395
34	76	0.0196543
34	77	0.0103729
35	35	176.632
35	36	0.0232511
35	38	0
35	39	0.00651123
35	41	0.0463646
35	42	0.0247124
35	43	0.0181396
35	44	0.0179716
35	45	0.0211386
35	46	0.0165122
35	47	0.0129055
35	48	0.0697477
35	49	0.0166844
35	50	0.0236622
35	51	0.0143753
35	52	0.0247379
35	53	0.0198275
35	54	0.0179719
35	55	0.00632376
35	56	0.01583
35	57	0.0135191
35	58	0.0147439
35	59	0
35	60	0.00845366
35	61	0.0131891
35	62	0
35	63	0.0141491
35	64	0.0161865
35	65	0.0167988
35	66	0.0147355
35	67	0.00823658
35	68	0.0268226
35	69	0
35	70	0.0110217
35	71	0.00778531
35	72	0.00906244
35	73	0.0391569
35	75	0.0371768
35	76	0.0116741
35	77	0.0118485
36	36	94.6532
36	38	0
36	39	0.0187073
36	40	0.0165598
36	41	0.0233116
36	42	0.0241402
36	43	0.0130291
36	44	0.0189324
36	46	0.00948814
36	47	0.0111236
36	48	0.0100195
36	49	0.0191742
36	50	0.0271933
36	51	0.00991233
36	52	0.018953
36	53	0.0208049
36	54	0.0172116
36	55	0.0254361
36	56	0.0136442
36	57	0.0108756
36	58	0.0186386
36	59	0
36	60	0.0129536
36	61	0.0234938
36	62	0
36	63	0.0170348
36	64	0.018602
36	65	0.0210294
36	66	0.024099
36	67	0.0118321
36	68	0.00880723
36	69	0
36	70	0.0253329
36	71	0.0178942
36	72	0.00781112
36	73	0.0160715
36	74	0.0239397
36	75	0.0320435
36	76	0.0128064
36	77	0.0123788
38	38	0
38	39	0
38	41	0
38	46	0
38	47	0
38	53	0
38	54	0
38	60	0
38	61	0
38	63	0
38	65	0
38	66	0
38	67	0
38	68	0
38	72	0
38	77	0
39	39	93.0605
39	40	6.60058
39	41	0.0217606
39	42	0.0278362
39	43	0.0158109
39	44	0.0224926
39	45	0.00377946
39	46	0.00885686
39	47	0.00692232
39	48	0.00935288
39	49	0.0268477
39	51	0.00925283
39	52	0.0154805
39	53	0.0249695
39	54	0.0147811
39	55	0.0101759
39	56	0.00849093
39	57	0.030456
39	58	0.0142351
39	60	0.0211606
39	61	0.0205158
39	62	0
39	63	0.0159014
39	64	0.0150491
39	65	0.0202739
39	66	0.0182397
39	67	0.0110449
39	68	0.0123319
39	69	0
39	70	0.0206915
39	71	0.0208796
39	72	0.0145828
39	73	0.0120018
39	74	0.0178775
39	75	0.0149558
39	76	0.0204932
39	77	0.014444
40	40	496.97
40	41	0.0309578
40	42	0.0176006
40	43	0.00807456
40	44	0.0213328
40	45	0.0250921
40	47	0.0459577
40	50	0.0280877
40	51	0.0102383
40	52	0.0146823
40	53	0.00306989
40	54	0.0170665
40	55	0.0225194
40	56	0.0563718
40	57	0.0385141
40	60	0.0250868
40	61	0.0093935
40	63	0.014396
40	64	0.00384277
40	65	0.0149555
40	66	0.00807295
40	67	0.0146656
40	70	0.0196246
40	71	0.0277241
40	72	0.016136
40	76	0.0264553
40	77	0.0383579
41	41	160.934
41	42	1.91843
41	43	0.00811909
41	44	0.0193054
41	45	0.00504609
41	46	0.0118251
41	47	0.0231056
41	48	0.0124873
41	49	0.0119484
41	51	0.0164717
41	52	0.0147633
41	53	0.0179035
41	54	0.0188767
41	55	0.0271723
41	56	0.0510144
41	57	0.0271086
41	58	0.0126705
41	59	0
41	60	0.0151351
41	61	0.0113344
41	63	0.0231606
41	64	0.0146831
41	65	0.0270683
41	66	0.0243524
41	67	0.00589858
41	68	0.0164647
41	69	0
41	70	0.0276259
41	71	0.0111508
41	72	0.00973502
41	73	0.024036
41	74	0.0179017
41	75	0.00665598
41	76	0.0144406
41	77	0.0269986
42	42	110.469
42	43	0.0124632
42	44	0.0109758
42	45	0.0215166
42	46	0.0302535
42	47	0.0275863
42	48	0.0106493
42	49	0.0101897
42	50	0.0192683
42	51	0.0105353
42	52	0.0251803
42	53	0.0147417
42	54	0.0212203
42	55	0.0424832
42	56	0.0145017
42	57	0.0148617
42	58	0.0270137
42	59	0
42	60	0.0103258
42	61	0.0169155
42	63	0.0152251
42	64	0.0197712
42	65	0.0245496
42	66	0.0173065
42	67	0.0125758
42	68	0.00702058
42	69	0
42	70	0.0302908
42	71	0.0142642
42	72	0.0138368
42	73	0.00341633
42	74	0.00508887
42	75	0.0113525
42	76	0.016204
42	77	0.0157882
43	43	114.532
43	44	2.0628
43	45	0.0197422
43	46	0.0185057
43	47	0.0216954
43	48	0.00977103
43	49	0.00934934
43	50	0.0132595
43	51	0.0161108
43	52	0.0161726
43	53	0.0154583
43	54	0.0154419
43	55	0.00708722
43	56	0.0221764
43	57	0.012121
43	58	0.00991436
43	59	0
43	60	0.0142114
43	61	0.00960792
43	63	0.0173675
43	64	0.0120938
43	65	0.010422
43	66	0.0101627
43	67	0.0161542
43	68	0.0150304
43	69	0
43	70	0.00926425
43	71	0.00872522
43	72	0.0228522
43	73	0.0156729
43	74	0.046692
43	75	0.0416651
43	76	0.0184359
43	77	0.0138826
44	44	156.323
44	45	0.0156475
44	46	0.0122229
44	47	0.0143297
44	48	0.0516296
44	49	0.0185255
44	50	0.0116771
44	51	0.0148975
44	52	0.0213638
44	53	0.0153151
44	54	0.0195117
44	55	0.0187242
44	56	0.00585893
44	57	0.0200146
44	58	0.0174623
44	59	0
44	60	0.0135583
44	61	0.0185497
44	63	0.0144636
44	64	0.0135794
44	65	0.0159879
44	66	0.0125858
44	67	0.0152425
44	68	0.0170185
44	69	0
44	70	0.00815863
44	71	0.0115259
44	72	0.0167708
44	73	0.016563
44	74	0.0185038
44	75	0.0206396
44	76	0.0133552
44	77	0.0183387
45	45	289.497
45	46	7.90724
45	47	0.0337097
45	48	0.0607278
45	50	0.0137348
45	51	0.0200261
45	52	0.0287184
45	53	0.0240186
45	54	0.016691
45	55	0.0110119
45	56	0.0275656
45	57	0.0188333
45	58	0.0154047
45	60	0.0294417
45	61	0.00229669
45	62	0
45	63	0.0152524
45	64	0.0150328
45	65	0.0135816
45	66	0.0118429
45	67	0.0215142
45	68	0.0266901
45	70	0.0287891
45	72	0.0157809
45	73	0.0389635
45	75	0.0161845
45	76	0.0258731
45	77	0.0150055
46	46	694.1
46	47	0.026332
46	49	0.0680845
46	50	0.0321864
46	51	0.0234647
46	52	0.0336496
46	53	0.00703572
46	54	0.0146677
46	56	0.0322989
46	57	0.0331007
46	60	0.0172486
46	61	0.0161464
46	62	0
46	63	0.0137473
46	64	0.0264211
46	65	0.0269309
46	66	0.00925099
46	68	0.0156365
46	73	0.0456539
46	74	0.0340024
46	75	0.0379271
46	76	0.00866164
46	77	0.0131866
47	47	285.513
47	48	13.0691
47	49	0.03991
47	50	0.0503123
47	51	0.0137546
47	52	0.0131499
47	53	0.00824843
47	54	0.0191066
47	55	0.0100845
47	57	0.00431179
47	58	0.0188097
47	60	0.0157279
47	61	0.0168262
47	63	0.0128935
47	64	0.0172085
47	65	0.0229621
47	66	0.0234987
47	67	0.0197023
47	68	0.00611058
47	70	0.0263645
47	72	0.0216778
47	73	0.00892051
47	76	0.0186168
47	77	0.0240481
48	48	802.498
48	49	0.0718975
48	51	0.0371683
48	52	0.017767
48	53	0.0260041
48	54	0.0103261
48	55	0.0272508
48	57	0.0116515
48	58	0.0127071
48	60	0.0182145
48	61	0.0170506
48	62	0
48	63	0.0174206
48	64	0.0372011
48	65	0.0129269
48	66	0.0195382
48	67	0.0354936
48	69	0
48	73	0.0482107
48	76	0.0228668
48	77	0.0232084
49	49	320.944
49	50	4.58562
49	51	0.00592737
49	52	0.0255004
49	53	0.0159955
49	54	0.0172908
49	55	0.0260747
49	56	0.0163179
49	57	0.00557432
49	58	0.018238
49	60	0.0203332
49	61	0.00815737
49	63	0.0138906
49	64	0.0133483
49	65	0.0136059
49	66	0.0163581
49	67	0.0339618
49	68	0.0315992
49	69	0
49	70	0.0113614
49	71	0.0160505
49	72	0.0186835
49	73	0.0115325
49	76	0.00437599
49	77	0.0199861
50	50	389.699
50	51	0.00560423
50	52	0.00803674
50	53	0.0268862
50	54	0.0163482
50	57	0.0158113
50	58	0.0229917
50	60	0.0109855
50	61	0.0282798
50	63	0.01182
50	64	0.0168275
50	65	0.0152031
50	66	0.00441894
50	67	0.0160552
50	70	0.0214841
50	71	0.0151755
50	72	0.00883249
50	73	0.0109038
50	74	0.016242
50	75	0.0181167
50	76	0.0124123
50	77	0.0251954
51	51	135.488
51	52	2.61311
51	53	0.0220508
51	54	0.0204313
51	55	0.0134796
51	56	0.0168715
51	57	0.00960571
51	58	0.0146664
51	60	0.0120131
51	61	0.0178053
51	63	0.0191492
51	64	0.0107343
51	65	0.0144938
51	66	0.016913
51	67	0.0263355
51	68	0.0108904
51	69	0
51	70	0.0274093
51	71	0.0165951
51	72	0.0225369
51	73	0.0198729
51	74	0.041443
51	76	0.0196059
51	77	0.0145414
52	52	181.691
52	53	0.0184461
52	54	0.0146498
52	55	0.0257739
52	56	0.00806483
52	57	0.0137751
52	58	0.0180277
52	60	0.0143562
52	61	0.00940716
52	63	0.0178495
52	64	0.00879625
52	65	0.0128376
52	66	0.00923965
52	67	0.00839252
52	68	0.0312347
52	69	0
52	70	0.0168455
52	71	0.0317308
52	72	0.013851
52	73	0.00569974
52	74	0.0169804
52	75	0.00947015
52	76	0.0194648
52	77	0.0131704
53	53	38.8379
53	54	0.699915
53	55	0.0175143
53	56	0.0151763
53	57	0.0207374
53	58	0.0213597
53	59	0
53	60	0.0147083
53	61	0.0154544
53	62	0
53	63	0.0173687
53	64	0.0137939
53	65	0.020451
53	66	0.0190775
53	67	0.0236894
53	68	0.0187761
53	69	0
53	70	0.017611
53	71	0.0165863
53	72	0.0193072
53	73	0.00715048
53	74	0.00887597
53	75	0.0198009
53	76	0.0149228
53	77	0.0158342
54	54	56.8384
54	55	0.0374492
54	56	0.0164053
54	57	0.0216162
54	58	0.0218283
54	60	0.0120984
54	61	0.0171832
54	62	0
54	63	0.0161596
54	64	0.0140589
54	65	0.0216729
54	66	0.0134251
54	67	0.0146331
54	68	0.0170189
54	69	0
54	70	0.0195811
54	71	0.0253575
54	72	0.0241504
54	73	0.019876
54	74	0.00740168
54	75	0.016512
54	76	0.0175978
54	77	0.015947
55	55	301.755
55	56	4.34176
55	57	0.0295791
55	58	0.00921684
55	60	0.0132116
55	61	0.0288571
55	63	0.0168476
55	64	0.0134915
55	65	0.0187525
55	66	0.0318861
55	67	0.0193084
55	68	0.0179652
55	69	0
55	70	0.0344499
55	71	0.0243341
55	72	0.014163
55	75	0.0145251
55	76	0.0132688
55	77	0.00505013
56	56	321.922
56	57	0.0264443
56	58	0.011536
56	60	0.0137799
56	61	0.0154792
56	63	0.0171331
56	64	0.0168863
56	65	0.0140827
56	66	0.0133032
56	67	0.0161113
56	69	0
56	70	0.0215592
56	71	0.0304572
56	72	0.00886336
56	73	0.0109419
56	76	0.0311392
56	77	0.0126417
57	57	119.993
57	58	1.67484
57	59	0
57	60	0.014122
57	61	0.0185074
57	62	0
57	63	0.0117056
57	64	0.0144213
57	65	0.0196439
57	66	0.0212075
57	67	0.0137594
57	68	0.0153626
57	69	0
57	70	0.0294591
57	71	0.0104044
57	72	0.0211946
57	73	0.0149514
57	74	0.0334068
57	75	0.0248418
57	76	0.0120557
57	77	0.0093568
58	58	143.995
58	59	0
58	60	0.0102676
58	61	0.0144173
58	62	0
58	63	0.0122751
58	64	0.0117959
58	65	0.0240469
58	66	0.0223029
58	67	0.0120048
58	68	0.0195469
58	70	0.0281121
58	71	0.0170206
58	72	0.0330211
58	73	0.0244589
58	74	0.0242889
58	75	0.0203193
58	76	0.0154682
58	77	0.0196241
59	59	0
59	63	0
59	65	0
59	66	0
59	67	0
59	72	0
59	76	0
59	77	0
60	60	52.0072
60	61	0.799082
60	62	0
60	63	0.0159531
60	64	0.0146539
60	65	0.0119076
60	66	0.0149979
60	67	0.0114719
60	68	0.0186792
60	69	0
60	70	0.0172698
60	71	0.0298192
60	72	0.0173554
60	73	0.0116866
60	74	0.0174081
60	75	0.0194173
60	76	0.0133034
60	77	0.0142522
61	61	55.6888
61	62	0
61	63	0.0153729
61	64	0.0154762
61	65	0.0181866
61	66	0.0184731
61	67	0.0187929
61	68	0.0187345
61	69	0
61	70	0.0161663
61	71	0.0203009
61	72	0.0162464
61	73	0.0164097
61	74	0.00814783
61	75	0.0121177
61	76	0.0162584
61	77	0.0143948
62	62	0
62	63	0
62	64	0
62	65	0
62	66	0
62	68	0
62	74	0
62	76	0
62	77	0
63	63	26.4368
63	64	0.485321
63	65	0.0203795
63	66	0.018119
63	67	0.0212579
63	68	0.0121227
63	69	0
63	70	0.0100938
63	71	0.0168524
63	72	0.0143354
63	73	0.0167658
63	74	0.0208116
63	75	0.0108331
63	76	0.0185551
63	77	0.0147071
64	64	43.4534
64	65	0.0190398
64	66	0.0193462
64	67	0.0164742
64	68	0.01635
64	69	0
64	70	0.0102876
64	71	0.0145335
64	72	0.0169176
64	73	0.0149178
64	74	0.0244433
64	75	0.012393
64	76	0.0175477
64	77	0.0149373
65	65	24.5402
65	66	0.398984
65	67	0.0146549
65	68	0.0170442
65	69	0
65	70	0.0147077
65	71	0.0219323
65	72	0.0147806
65	73	0.0132704
65	74	0.0197672
65	75	0.0165366
65	76	0.0166799
65	77	0.0132558
66	66	43.6923
66	67	0.0196119
66	68	0.019321
66	69	0
66	70	0.0123499
66	71	0.0152661
66	72	0.0190397
66	73	0.0235047
66	74	0.0163389
66	75	0.0156213
66	76	0.0184322
66	77	0.011466
67	67	224.982
67	68	2.21904
67	69	0
67	70	0.0224352
67	71	0.00792367
67	72	0.018447
67	74	0.0339221
67	75	0.00945937
67	76	0.0140419
67	77	0.0317922
68	68	190.233
68	69	0
68	70	0.026093
68	71	0.0221174
68	72	0.0171637
68	74	0.00789056
68	75	0.0264039
68	76	0.0190951
68	77	0.0153003
69	69	0
69	73	0
69	74	0
69	75	0
69	76	0
70	70	275.776
70	71	5.92707
70	72	0.0246847
70	73	0.00761837
70	76	0.0101177
70	77	0.0205377
71	71	366.763
71	73	0.0215253
71	74	0.0160318
71	75	0.0178822
71	76	0.0102097
71	77	0.0165795
72	72	223.415
72	73	3.97144
72	74	0.0279925
72	75	0.0312235
72	76	0.0142614
72	77	0.0253303
73	73	288.754
73	74	0.034557
73	75	0.0385457
73	76	0.0146715
73	77	0.0223361
74	74	364.479
74	75	4.93784
74	76	0.0218543
74	77	0.00887234
75	75	405.163
75	76	0.0195015
75	77	0.0148446
76	76	43.4597
76	77	0.566156
77	77	41.8858
