1	1	90.0789
1	2	0.779517
1	3	0.019517
1	4	0.0260945
1	6	0.0116418
1	7	0.0173174
1	8	0.0132659
1	9	0.0131962
1	11	0
1	12	0.0140574
1	13	0.0136932
1	14	0.0185079
1	15	0.0150319
1	16	0.016049
1	17	0.0113157
1	18	0.0142723
1	19	0.0214068
1	20	0.0145245
1	21	0.0174923
1	22	0.0130324
1	23	0.0168739
1	24	0.0167456
1	25	0.0157583
1	26	0.0119739
1	27	0.0111368
1	28	0.0153762
1	30	0.00812957
1	33	0.0177994
1	34	0.0103939
1	35	0.014162
1	36	0.0220538
1	38	0
1	39	0.0140733
1	40	0.00746631
1	41	0.0225019
1	42	0.0128751
1	43	0.013092
1	44	0.0160093
1	45	0.00960044
1	46	0.0419106
1	47	0.0157999
1	48	0.0131408
1	49	0.0157923
1	50	0.0241948
1	51	0.00935683
1	52	0.0109067
1	53	0.0136855
1	54	0.0130746
1	55	0.0180038
1	56	0.0201182
1	57	0.0108993
1	58	0.0164583
1	60	0.0135068
1	61	0.0157267
1	62	0
1	63	0.0134205
1	64	0.014139
1	65	0.0178075
1	66	0.0221111
1	67	0.0203758
1	68	0.0171492
1	69	0
1	70	0.00888444
1	71	0.0206952
1	72	0.00713809
1	73	0.0162556
1	74	0.0111043
1	75	0.0195789
1	76	0.0158344
1	77	0.0164937
2	2	68.033
2	3	0.875294
2	4	0.021109
2	6	0.0194172
2	7	0.014373
2	8	0.00993415
2	9	0.015372
2	11	0
2	12	0.0165799
2	13	0.0172801
2	14	0.0219906
2	15	0.0172799
2	16	0.0199251
2	17	0.0185364
2	18	0.0193965
2	19	0.0131608
2	20	0.0180324
2	21	0.018637
2	22	0.0140968
2	23	0.0141464
2	24	0.0157553
2	25	0.026158
2	26	0.0104611
2	27	0.00729731
2	28	0.0107468
2	30	0.0213074
2	33	0.0155506
2	34	0.0211883
2	35	0.0170126
2	36	0.0192675
2	38	0
2	39	0.0155741
2	40	0.013046
2	41	0.00446795
2	42	0.0159353
2	43	0.0157271
2	44	0.0139867
2	45	0.016775
2	46	0.0183078
2	47	0.00460124
2	48	0.0172209
2	49	0.0172463
2	50	0.021138
2	51	0.0145328
2	52	0.012705
2	53	0.0113433
2	54	0.01418
2	55	0.0179762
2	56	0.0210917
2	57	0.0137543
2	58	0.0153375
2	60	0.0113086
2	61	0.0107342
2	62	0
2	63	0.0134712
2	64	0.0145986
2	65	0.0151132
2	66	0.00965876
2	67	0.0178015
2	68	0.0199767
2	69	0
2	70	0.0135835
2	71	0.00904027
2	72	0.0202678
2	73	0.0106514
2	74	0.029104
2	75	0.0273685
2	76	0.012681
2	77	0.0156813
3	3	84.5611
3	4	0.792287
3	6	0.0227772
3	7	0.021176
3	8	0.0120505
3	9	0.0107577
3	11	0
3	12	0.0137517
3	13	0.0208373
3	14	0.016657
3	15	0.0216706
3	16	0.0157
3	17	0.0152208
3	18	0.0217187
3	19	0.0131853
3	20	0.0157043
3	21	0.0158599
3	22	0.0139632
3	23	0.0150063
3	24	0.0166965
3	25	0.0184988
3	26	0.0195226
3	27	0.0190656
3	28	0.0150419
3	30	0.0132547
3	32	0.0233799
3	34	0.0169465
3	35	0.0207811
3	36	0.0154102
3	39	0.0119317
3	41	0.0120069
3	42	0.0125951
3	43	0.01761
3	44	0.0123052
3	45	0.0125223
3	46	0.0409993
3	47	0.0154563
3	48	0.00642753
3	49	0.0270355
3	50	0.0177515
3	51	0.0162727
3	52	0.014226
3	53	0.014761
3	54	0.0185239
3	55	0.0176123
3	56	0.00393614
3	57	0.0201398
3	58	0.0128803
3	60	0.0143142
3	61	0.0163463
3	62	0
3	63	0.015922
3	64	0.0146698
3	65	0.0171714
3	66	0.0137647
3	67	0.0186039
3	68	0.0139802
3	69	0
3	70	0.023901
3	71	0.0134968
3	72	0.0087286
3	73	0.0139144
3	74	0.00362093
3	75	0.0114919
3	76	0.0176414
3	77	0.0132877
4	4	64.0292
4	6	0.0129197
4	7	0.0173651
4	8	0.0123936
4	9	0.0143833
4	11	0
4	12	0.0183863
4	13	0.0159199
4	14	0.0154927
4	15	0.0124174
4	16	0.0125211
4	17	0.0104836
4	18	0.0165933
4	19	0.0159006
4	20	0.00866542
4	21	0.0174848
4	22	0.0151517
4	23	0.0159024
4	24	0.0168479
4	25	0.020611
4	26	0.00696056
4	27	0.0109247
4	28	0.0134075
4	30	0.0126021
4	31	0
4	32	0.0208396
4	33	0.0310409
4	34	0.00906309
4	35	0.0138924
4	36	0.0173987
4	38	0
4	39	0.0139076
4	40	0.019531
4	41	0.0107023
4	42	0.0140332
4	43	0.00856178
4	44	0.0119653
4	45	0.0418562
4	46	0.0182723
4	47	0.0183693
4	48	0.0171874
4	49	0.00344257
4	50	0.0184599
4	51	0.0108784
4	52	0.0158504
4	53	0.0116273
4	54	0.0114006
4	55	0.0224267
4	56	0.038593
4	57	0.0126717
4	58	0.014351
4	59	0
4	60	0.0137403
4	61	0.0115704
4	62	0
4	63	0.0131961
4	64	0.0149438
4	65	0.0130874
4	66	0.0140218
4	67	0.0118446
4	68	0.0124612
4	69	0
4	70	0.0116204
4	71	0.0120303
4	72	0.0233406
4	73	0.0106307
4	74	0.01291
4	75	0.00682883
4	76	0.0161081
4	77	0.0148049
6	6	75.8439
6	7	0.880522
6	8	0.0271436
6	9	0.0168007
6	11	0
6	12	0.0174497
6	13	0.0145278
6	14	0.0226206
6	15	0.0143533
6	16	0.0193572
6	17	0.0229604
6	18	0.0158994
6	19	0.0121128
6	20	0.0204383
6	21	0.0232208
6	22	0.0118515
6	23	0.0144847
6	24	0.0153746
6	25	0.0135422
6	26	0.0247724
6	27	0.0172803
6	28	0.0190867
6	30	0.0146627
6	31	0
6	33	0.00849794
6	34	0.0231576
6	35	0.00676135
6	36	0.0150416
6	38	0
6	39	0.0170215
6	40	0.0356463
6	41	0.00976639
6	42	0.0081959
6	43	0.0164075
6	44	0.0174704
6	45	0.00916705
6	46	0.0133395
6	47	0.00502888
6	49	0.0150793
6	50	0.0231026
6	51	0.0109199
6	52	0.0138858
6	53	0.0157482
6	54	0.0116234
6	55	0.0171911
6	56	0.00384199
6	57	0.0219708
6	58	0.0115245
6	59	0
6	60	0.0150465
6	61	0.0183017
6	63	0.0144506
6	64	0.0151371
6	65	0.0153032
6	66	0.0143952
6	67	0.0155648
6	68	0.0177396
6	69	0
6	70	0.0127251
6	71	0.00658698
6	72	0.0136317
6	73	0.0135816
6	74	0.0141373
6	75	0.0261731
6	76	0.0117596
6	77	0.0203812
7	7	60.6357
7	8	0.877924
7	9	0.0266314
7	11	0
7	12	0.0148253
7	13	0.0208
7	14	0.0190851
7	15	0.0135971
7	16	0.0171566
7	17	0.0138123
7	18	0.0148662
7	19	0.0136262
7	20	0.0179157
7	21	0.0156648
7	22	0.0135746
7	23	0.0157118
7	24	0.0143396
7	25	0.00984836
7	26	0.0171492
7	27	0.0239253
7	28	0.0132131
7	30	0.00776216
7	32	0.00933524
7	33	0.013905
7	34	0.0198483
7	35	0.00829758
7	36	0.0147673
7	38	0
7	39	0.0168577
7	40	0.00583271
7	41	0.0151815
7	42	0.00921989
7	43	0.0121451
7	44	0.0178665
7	45	0.0249997
7	46	0.0163704
7	47	0.0205716
7	48	0.0307969
7	49	0.00925274
7	50	0.0165385
7	51	0.0105583
7	52	0.0142006
7	53	0.0156256
7	54	0.013736
7	55	0.0140647
7	56	0.0251462
7	57	0.0170291
7	58	0.0162859
7	59	0
7	60	0.0167066
7	61	0.0142054
7	62	0
7	63	0.0178454
7	64	0.0200826
7	65	0.0131163
7	66	0.0153104
7	67	0.0116729
7	68	0.013397
7	69	0
7	70	0.0156163
7	71	0.00269453
7	72	0.0167289
7	73	0.0142863
7	74	0.0260241
7	75	0.0122361
7	76	0.0123699
7	77	0.0155377
8	8	72.737
8	9	1.07739
8	11	0
8	12	0.0144214
8	13	0.0169093
8	14	0.012658
8	15	0.0229963
8	16	0.011554
8	17	0.0151155
8	18	0.0189802
8	19	0.0149118
8	20	0.0137242
8	21	0.0160486
8	22	0.0148553
8	23	0.0150085
8	24	0.0220245
8	25	0.0188607
8	26	0.0102366
8	27	0.0154715
8	28	0.0144598
8	30	0.0177612
8	31	0
8	33	0.0304337
8	34	0.0167843
8	35	0.0166475
8	36	0.018854
8	38	0
8	39	0.0144377
8	40	0.012766
8	41	0.0131162
8	42	0.00825526
8	43	0.0188872
8	44	0.0175969
8	45	0.016415
8	46	0.0179149
8	47	0.00900499
8	48	0.0224684
8	49	0.0101257
8	50	0.0155133
8	51	0.0213313
8	52	0.0155404
8	53	0.0143998
8	54	0.0115631
8	55	0.0197892
8	56	0.0103195
8	57	0.0124238
8	58	0.0159464
8	59	0
8	60	0.0134716
8	61	0.016386
8	63	0.0170879
8	64	0.0150178
8	65	0.0145713
8	66	0.0137476
8	67	0.0150968
8	68	0.0183262
8	69	0
8	70	0.024685
8	71	0.0176925
8	72	0.0198329
8	73	0.0173714
8	74	0.0158219
8	75	0.0100429
8	76	0.0112808
8	77	0.0182478
9	9	79.9408
9	11	0
9	12	0.0125524
9	13	0.0173596
9	14	0.0213007
9	15	0.0102043
9	16	0.0209514
9	17	0.013332
9	18	0.0173072
9	19	0.0165191
9	20	0.0174444
9	21	0.0152386
9	22	0.0129301
9	23	0.0169107
9	24	0.0159752
9	25	0.0187616
9	26	0.01782
9	27	0.0165742
9	28	0.0183067
9	30	0.0161316
9	32	0.0118561
9	33	0.0176598
9	34	0.0217706
9	35	0.0175637
9	36	0.0135453
9	39	0.0158247
9	40	0.00740775
9	41	0.0172514
9	42	0.0149031
9	43	0.00730646
9	44	0.0192874
9	45	0.0063501
9	46	0.00693032
9	47	0.0130633
9	48	0.0130377
9	49	0.0235026
9	50	0.024005
9	51	0.00618896
9	52	0.0126247
9	53	0.0135782
9	54	0.0147613
9	55	0.0178626
9	56	0.0199604
9	57	0.0132168
9	58	0.0141519
9	60	0.0128425
9	61	0.018529
9	63	0.0169982
9	64	0.0144532
9	65	0.0151438
9	66	0.0184476
9	67	0.0175205
9	68	0.0226862
9	70	0.0154258
9	71	0.00684429
9	72	0.0159347
9	73	0.0120961
9	74	0.0110172
9	75	0.0155403
9	76	0.0157102
9	77	0.0144391
11	11	0
11	12	0
11	13	0
11	14	0
11	15	0
11	16	0
11	17	0
11	18	0
11	19	0
11	20	0
11	21	0
11	22	0
11	23	0
11	24	0
11	25	0
11	26	0
11	27	0
11	28	0
11	30	0
11	34	0
11	35	0
11	36	0
11	39	0
11	40	0
11	41	0
11	42	0
11	43	0
11	44	0
11	45	0
11	48	0
11	49	0
11	50	0
11	51	0
11	52	0
11	53	0
11	54	0
11	55	0
11	56	0
11	57	0
11	58	0
11	59	0
11	60	0
11	61	0
11	62	0
11	63	0
11	64	0
11	65	0
11	66	0
11	67	0
11	68	0
11	69	0
11	70	0
11	71	0
11	72	0
11	73	0
11	74	0
11	76	0
11	77	0
12	12	57.3732
12	13	0.784403
12	14	0.0305153
12	15	0.0200682
12	16	0.0187478
12	17	0.0134546
12	18	0.0140789
12	19	0.0170944
12	20	0.0174517
12	21	0.0146098
12	22	0.0145611
12	23	0.0162128
12	24	0.0144992
12	25	0.0209854
12	26	0.0139209
12	27	0.0132419
12	28	0.0185264
12	30	0.015466
12	32	0.0075779
12	33	0.0112874
12	34	0.0175766
12	35	0.0179615
12	36	0.0173151
12	38	0
12	39	0.0166591
12	40	0.00946943
12	41	0.02335
12	42	0.0163293
12	43	0.0140099
12	44	0.0217547
12	45	0.0101468
12	46	0.0177182
12	47	0.0133592
12	48	0.0208329
12	49	0.00500728
12	50	0.0115072
12	51	0.0145043
12	52	0.00922187
12	53	0.0144643
12	54	0.0134375
12	55	0.00978601
12	56	0.00765468
12	57	0.00998356
12	58	0.0153075
12	59	0
12	60	0.0146323
12	61	0.0115313
12	62	0
12	63	0.0157535
12	64	0.0144002
12	65	0.0158095
12	66	0.0143403
12	67	0.0103369
12	68	0.0190313
12	69	0
12	70	0.014085
12	71	0.015311
12	72	0.0147114
12	73	0.025771
12	74	0.0187779
12	75	0.0198653
12	76	0.0167354
12	77	0.0172272
13	13	65.7502
13	14	0.853629
13	15	0.0211772
13	16	0.0173924
13	17	0.0189309
13	18	0.0190473
13	19	0.0141483
13	20	0.0167896
13	21	0.0169838
13	22	0.0170376
13	23	0.014038
13	24	0.0176819
13	25	0.0183866
13	26	0.0109577
13	27	0.00955462
13	28	0.0242728
13	30	0.0161192
13	31	0
13	32	0.00820171
13	33	0.0122166
13	34	0.0221941
13	35	0.00972006
13	36	0.017299
13	39	0.0128789
13	40	0.010249
13	41	0.0133381
13	42	0.0198827
13	43	0.0129168
13	44	0.0164819
13	45	0.0109821
13	46	0.0047942
13	47	0.0216884
13	48	0.0180383
13	49	0.0189682
13	50	0.0228333
13	51	0.00927627
13	52	0.0124763
13	53	0.0134874
13	54	0.0157814
13	55	0.0211832
13	56	0.0110464
13	57	0.0191173
13	58	0.0120491
13	60	0.00965659
13	61	0.0172029
13	62	0
13	63	0.0164624
13	64	0.013233
13	65	0.0158887
13	66	0.0131064
13	67	0.0167818
13	68	0.0147128
13	69	0
13	70	0.0152445
13	71	0.0165714
13	72	0.0134728
13	73	0.0195247
13	74	0.0101618
13	75	0.0188131
13	76	0.0169056
13	77	0.0153158
14	14	61.5696
14	15	0.701757
14	16	0.0163614
14	17	0.013699
14	18	0.0180065
14	19	0.0180051
14	20	0.0117437
14	21	0.0210874
14	22	0.0178238
14	23	0.0183288
14	24	0.0144112
14	25	0.0157881
14	26	0.0199943
14	27	0.0195262
14	28	0.0277294
14	30	0.0144799
14	31	0
14	32	0.00798159
14	33	0.0237774
14	34	0.0115706
14	35	0.0130064
14	36	0.0147303
14	38	0
14	39	0.0156666
14	40	0.00997389
14	41	0.0102474
14	42	0.0164826
14	43	0.0142097
14	44	0.0168033
14	45	0.0149622
14	46	0.00466553
14	47	0.00879431
14	48	0.00438854
14	49	0.0105481
14	50	0.0141403
14	51	0.0173602
14	52	0.00728486
14	53	0.0157036
14	54	0.0165624
14	55	0.015461
14	56	0.0241874
14	57	0.0137509
14	58	0.0161229
14	59	0
14	60	0.0135323
14	61	0.0167412
14	62	0
14	63	0.0158299
14	64	0.0174567
14	65	0.0134233
14	66	0.0157755
14	67	0.0127022
14	68	0.014318
14	69	0
14	70	0.0163189
14	71	0.0230381
14	72	0.0190709
14	73	0.0108576
14	74	0.00741682
14	75	0.00784636
14	76	0.0152767
14	77	0.0162008
15	15	57.0123
15	16	0.0174849
15	17	0.0131253
15	18	0.0192431
15	19	0.0147141
15	20	0.0147328
15	21	0.0167494
15	22	0.0115173
15	23	0.0173976
15	24	0.0103438
15	25	0.00787372
15	26	0.0128204
15	27	0.0158987
15	28	0.0153656
15	30	0.0135399
15	32	0.0426484
15	33	0.0317627
15	34	0.0123651
15	35	0.00758156
15	36	0.00674652
15	38	0
15	39	0.0120545
15	40	0.0053294
15	41	0.0219023
15	42	0.0114877
15	43	0.0110971
15	44	0.0179572
15	45	0.0137055
15	46	0.0199437
15	47	0.0169168
15	48	0.0140697
15	49	0.0112724
15	50	0.0129526
15	51	0.00964722
15	52	0.0142727
15	53	0.0170325
15	54	0.0148034
15	55	0.0165227
15	56	0.0143602
15	57	0.0121019
15	58	0.0140973
15	60	0.0156667
15	61	0.012278
15	62	0
15	63	0.015694
15	64	0.0146797
15	65	0.0157978
15	66	0.0132718
15	67	0.0203617
15	68	0.013261
15	69	0
15	70	0.0174395
15	71	0.0270821
15	72	0.0152854
15	73	0.0203055
15	74	0.0184943
15	75	0.0139753
15	76	0.0153839
15	77	0.0162746
16	16	65.8865
16	17	0.752947
16	18	0.0205451
16	19	0.0253771
16	20	0.0279637
16	21	0.0195084
16	22	0.0208096
16	23	0.0141584
16	24	0.0174245
16	25	0.0180139
16	26	0.012167
16	27	0.0169745
16	28	0.00468722
16	30	0.017898
16	32	0.0273205
16	33	0.0135647
16	34	0.014962
16	35	0.0188873
16	36	0.0104043
16	38	0
16	39	0.0171602
16	40	0.01707
16	41	0.0155895
16	42	0.0130826
16	43	0.016213
16	44	0.0156864
16	45	0.012194
16	46	0.0159698
16	47	0.0080273
16	48	0.0150217
16	49	0.0180527
16	50	0.0092193
16	51	0.0174307
16	52	0.0110825
16	53	0.0163129
16	54	0.0161486
16	55	0.0078403
16	56	0.0122655
16	57	0.0138437
16	58	0.0150512
16	59	0
16	60	0.0120089
16	61	0.00936341
16	62	0
16	63	0.0169735
16	64	0.0173056
16	65	0.0129893
16	66	0.011872
16	67	0.0134577
16	68	0.0163365
16	69	0
16	70	0.0135415
16	71	0.0184002
16	72	0.0258394
16	73	0.00464559
16	74	0.00846244
16	75	0.0149209
16	76	0.0157544
16	77	0.0184848
17	17	49.146
17	18	0.637482
17	19	0.0252948
17	20	0.0195111
17	21	0.0174228
17	22	0.0154434
17	23	0.016966
17	24	0.0156165
17	25	0.0130716
17	26	0.0178274
17	27	0.0106592
17	28	0.0137357
17	30	0.0121037
17	31	0
17	32	0.0152498
17	33	0.0227149
17	34	0.0162119
17	35	0.0112956
17	36	0.0154123
17	38	0
17	39	0.0161638
17	40	0.00952819
17	41	0.0137053
17	42	0.0143768
17	43	0.0135748
17	44	0.0175117
17	45	0.0142936
17	46	0.00891409
17	47	0.0168026
17	48	0.0251546
17	49	0.0100767
17	50	0.0135084
17	51	0.0139309
17	52	0.0139186
17	53	0.0143301
17	54	0.0155346
17	55	0.026258
17	56	0.0102696
17	57	0.0185456
17	58	0.0112018
17	60	0.0136458
17	61	0.0169339
17	62	0
17	63	0.0143937
17	64	0.0128492
17	65	0.0162322
17	66	0.0157118
17	67	0.0182019
17	68	0.0100306
17	69	0
17	70	0.0155897
17	71	0.0264103
17	72	0.0125253
17	73	0.0155586
17	74	0.0330652
17	75	0.0124929
17	76	0.0159973
17	77	0.0142387
18	18	60.7127
18	19	0.753218
18	20	0.0235154
18	21	0.0180074
18	22	0.0106549
18	23	0.0163388
18	24	0.0161261
18	25	0.018037
18	26	0.0128488
18	27	0.0149381
18	28	0.0164997
18	30	0.0142162
18	32	0.00854862
18	33	0.00636665
18	34	0.00578321
18	35	0.00886479
18	36	0.00976661
18	38	0
18	39	0.0134237
18	40	0.0427298
18	41	0.0139022
18	42	0.016886
18	43	0.0158046
18	44	0.0147249
18	45	0.00915725
18	46	0.014991
18	47	0.0131867
18	48	0.0141009
18	49	0.00282436
18	50	0.019472
18	51	0.0163623
18	52	0.013004
18	53	0.0130537
18	54	0.0151588
18	55	0.0202393
18	56	0.0115137
18	57	0.0190595
18	58	0.0156985
18	59	0
18	60	0.0157015
18	61	0.0186337
18	63	0.0142989
18	64	0.0159383
18	65	0.0169247
18	66	0.0129418
18	67	0.0233222
18	68	0.0132905
18	69	0
18	70	0.0143004
18	71	0.0197398
18	72	0.0165959
18	73	0.0218042
18	74	0.00794373
18	75	0.011205
18	76	0.0166767
18	77	0.0149225
19	19	60.5281
19	20	0.748055
19	21	0.0152592
19	22	0.0168689
19	23	0.0176786
19	24	0.0124391
19	25	0.0135267
19	26	0.0157028
19	27	0.0109537
19	28	0.0131987
19	30	0.0155073
19	32	0.00854792
19	33	0.0190984
19	34	0.0165221
19	35	0.012663
19	36	0.017278
19	39	0.0147648
19	40	0.0160224
19	41	0.0168277
19	42	0.0168846
19	43	0.0163886
19	44	0.0155416
19	45	0.0297586
19	46	0.00499658
19	47	0.011302
19	48	0.00939985
19	49	0.0197689
19	50	0.0216337
19	51	0.016361
19	52	0.0156035
19	53	0.0180729
19	54	0.0180601
19	55	0.016558
19	56	0.00863454
19	57	0.0138603
19	58	0.0149123
19	59	0
19	60	0.0116745
19	61	0.0144136
19	62	0
19	63	0.0171573
19	64	0.0156305
19	65	0.0156496
19	66	0.0136597
19	67	0.0174902
19	68	0.00715582
19	69	0
19	70	0.0111216
19	71	0.0148037
19	72	0.0191475
19	73	0.0188954
19	74	0.0291246
19	75	0.00560206
19	76	0.0154168
19	77	0.0170034
20	20	54.1602
20	21	0.0167725
20	22	0.0115565
20	23	0.0143417
20	24	0.0162136
20	25	0.0065211
20	26	0.0123876
20	27	0.0211229
20	28	0.0148469
20	30	0.0186899
20	31	0
20	32	0.0329671
20	33	0.0429669
20	34	0.0143373
20	35	0.0134304
20	36	0.0144862
20	39	0.0168244
20	40	0.0308971
20	41	0.0134032
20	42	0.0103599
20	43	0.0129799
20	44	0.00630949
20	45	0.0176571
20	46	0.00481763
20	47	0.009081
20	48	0.0135948
20	49	0.0190609
20	50	0.0187731
20	51	0.0143409
20	52	0.013791
20	53	0.0133113
20	54	0.0158585
20	55	0.0141911
20	56	0.0166506
20	57	0.010023
20	58	0.0113513
20	59	0
20	60	0.0151379
20	61	0.0118636
20	62	0
20	63	0.0155582
20	64	0.0189123
20	65	0.0157909
20	66	0.0121307
20	67	0.0159269
20	68	0.0137991
20	69	0
20	70	0.0137871
20	71	0.00951564
20	72	0.0110771
20	73	0.00981007
20	74	0.020423
20	75	0.0135036
20	76	0.0127411
20	77	0.0147215
21	21	29.77
21	22	0.492809
21	23	0.0162707
21	24	0.0169822
21	25	0.0103118
21	26	0.0238135
21	27	0.0214341
21	28	0.0159804
21	30	0.0132125
21	31	0
21	32	0.0137993
21	33	0.0102771
21	34	0.0133362
21	35	0.0109026
21	36	0.0141485
21	39	0.017335
21	40	0.0086219
21	41	0.0161419
21	42	0.0165198
21	43	0.0144883
21	44	0.0184871
21	45	0.0147818
21	46	0.010755
21	47	0.0162181
21	48	0.0177037
21	49	0.010638
21	50	0.0162981
21	51	0.0116054
21	52	0.0111953
21	53	0.0159387
21	54	0.0130157
21	55	0.0207904
21	56	0.0123904
21	57	0.0153831
21	58	0.0147821
21	60	0.015164
21	61	0.0200525
21	62	0
21	63	0.0151679
21	64	0.014843
21	65	0.0169405
21	66	0.0141207
21	67	0.0135948
21	68	0.0143025
21	69	0
21	70	0.0162442
21	71	0.0212429
21	72	0.015112
21	73	0.0109501
21	74	0.0113981
21	75	0.0165801
21	76	0.0137138
21	77	0.0177394
22	22	39.779
22	23	0.0145057
22	24	0.0146049
22	25	0.0167641
22	26	0.0100564
22	27	0.0148095
22	28	0.0137748
22	30	0.0161842
22	32	0.0401447
22	33	0.00498301
22	34	0.0129325
22	35	0.0158588
22	36	0.0176402
22	38	0
22	39	0.0131329
22	40	0.0125413
22	41	0.0131716
22	42	0.0186229
22	43	0.0114536
22	44	0.019208
22	45	0.00895893
22	46	0.0234661
22	47	0.0147441
22	48	0.0147153
22	49	0.0331583
22	50	0.0169336
22	51	0.0122242
22	52	0.0122135
22	53	0.0139499
22	54	0.0138839
22	55	0.0158408
22	56	0.0202758
22	57	0.0183077
22	58	0.0116725
22	59	0
22	60	0.0195366
22	61	0.0140338
22	62	0
22	63	0.0179063
22	64	0.0167926
22	65	0.0155255
22	66	0.0154752
22	67	0.0152114
22	68	0.0192039
22	69	0
22	70	0.0124362
22	71	0.0154498
22	72	0.0229809
22	73	0.0113771
22	74	0.0186521
22	75	0.0109624
22	76	0.0167465
22	77	0.0157537
23	23	10.1885
23	24	0.276129
23	25	0.0162359
23	26	0.0141168
23	27	0.0162696
23	28	0.0115861
23	30	0.0134738
23	31	0
23	32	0.0202137
23	33	0.01916
23	34	0.0154507
23	35	0.0125223
23	36	0.0164724
23	38	0
23	39	0.0137064
23	40	0.0160741
23	41	0.0139984
23	42	0.0128693
23	43	0.0142186
23	44	0.0112542
23	45	0.013287
23	46	0.0182606
23	47	0.0117434
23	48	0.0171764
23	49	0.0194279
23	50	0.0130221
23	51	0.0142288
23	52	0.0136971
23	53	0.0135445
23	54	0.0131728
23	55	0.018589
23	56	0.0179436
23	57	0.0147121
23	58	0.0155229
23	59	0
23	60	0.0129815
23	61	0.0142082
23	62	0
23	63	0.0143586
23	64	0.0146927
23	65	0.0136919
23	66	0.0166145
23	67	0.0160844
23	68	0.0151636
23	69	0
23	70	0.0163947
23	71	0.0212163
23	72	0.0172884
23	73	0.0181232
23	74	0.0193526
23	75	0.0240863
23	76	0.0148127
23	77	0.013204
24	24	19.5744
24	25	0.0173981
24	26	0.0150754
24	27	0.0169874
24	28	0.013849
24	30	0.0173212
24	31	0
24	32	0.0173596
24	33	0.0103429
24	34	0.0164415
24	35	0.0144013
24	36	0.0189176
24	38	0
24	39	0.0149926
24	40	0.0216928
24	41	0.0127783
24	42	0.0096636
24	43	0.0123622
24	44	0.0176087
24	45	0.0195253
24	46	0.0142063
24	47	0.0122414
24	48	0.0133628
24	49	0.0195003
24	50	0.017574
24	51	0.0166134
24	52	0.0153161
24	53	0.0149873
24	54	0.014278
24	55	0.0164399
24	56	0.0128594
24	57	0.0158335
24	58	0.0130703
24	59	0
24	60	0.0142255
24	61	0.0161352
24	62	0
24	63	0.0155139
24	64	0.015436
24	65	0.0155214
24	66	0.0166445
24	67	0.0138134
24	68	0.0120412
24	69	0
24	70	0.0141972
24	71	0.0190406
24	72	0.0171098
24	73	0.0135785
24	74	0.0236592
24	75	0.0159278
24	76	0.0162297
24	77	0.015222
25	25	128.921
25	26	0.933477
25	27	0.0158337
25	28	0.0109305
25	30	0.0102739
25	32	0.0169896
25	33	0.0126531
25	34	0.0147775
25	35	0.0176179
25	36	0.0149309
25	39	0.016007
25	40	0.0212304
25	41	0.0130876
25	42	0.00762711
25	43	0.0186134
25	44	0.0162579
25	45	0.00909959
25	46	0.0198621
25	47	0.00748781
25	48	0.0186829
25	49	0.0168394
25	50	0.00859971
25	51	0.0162593
25	52	0.0155065
25	53	0.0174617
25	54	0.0166658
25	55	0.00365669
25	56	0.0114412
25	57	0.0275484
25	58	0.0155996
25	60	0.0152025
25	61	0.0118784
25	62	0
25	63	0.0190805
25	64	0.0109647
25	65	0.0180841
25	66	0.0164326
25	67	0.0193128
25	68	0.00609543
25	69	0
25	70	0.00631571
25	71	0.0196155
25	72	0.0253714
25	73	0.0231114
25	74	0.0210499
25	75	0.0334034
25	76	0.0118816
25	77	0.0131043
26	26	156.801
26	27	0.0025065
26	28	0.0166111
26	30	0.0178902
26	33	0.0480723
26	34	0.0103969
26	35	0.0286864
26	36	0.00756351
26	39	0.0135143
26	41	0.0128912
26	42	0.0173864
26	43	0.00883963
26	44	0.028825
26	45	0.0115239
26	46	0.0377305
26	47	0.00948269
26	48	0.0118301
26	49	0.0213257
26	50	0.00544541
26	51	0.0112315
26	52	0.0130918
26	53	0.0113728
26	54	0.017047
26	55	0.0277854
26	56	0.0289785
26	57	0.0109024
26	58	0.00987781
26	60	0.0131729
26	61	0.0185825
26	63	0.0149096
26	64	0.019286
26	65	0.0132831
26	66	0.0117625
26	67	0.0171206
26	68	0.0154387
26	69	0
26	70	0.00399916
26	71	0.018631
26	72	0.00963921
26	73	0.0146343
26	74	0.0399869
26	75	0.0141009
26	76	0.0134631
26	77	0.0131017
27	27	117.326
27	28	1.46966
27	30	0.00907606
27	31	0
27	34	0.014505
27	35	0.0155638
27	36	0.0105521
27	38	0
27	39	0.0200326
27	40	0.0375101
27	41	0.0154156
27	42	0.0215611
27	43	0.0123324
27	44	0.0129261
27	45	0.00803863
27	46	0.0175463
27	47	0.0132296
27	48	0.00825227
27	49	0.0198347
27	50	0.00759704
27	51	0.0156693
27	52	0.0182647
27	53	0.0176294
27	54	0.0164214
27	55	0.0193821
27	56	0.0101072
27	57	0.0182523
27	58	0.0234274
27	59	0
27	60	0.0148437
27	61	0.0185179
27	62	0
27	63	0.0129109
27	64	0.0182964
27	65	0.0201292
27	66	0.0227217
27	67	0.0187671
27	68	0.0161542
27	69	0
27	70	0.016738
27	71	0.00433211
27	72	0.00672397
27	73	0.0229688
27	74	0.0232445
27	75	0.0245907
27	76	0.0226498
27	77	0.0134043
28	28	121.674
28	30	0.0213027
28	32	0.0165776
28	33	0.0123463
28	34	0.0144191
28	35	0.0171907
28	36	0.0203964
28	39	0.018222
28	40	0.0103578
28	41	0.017027
28	42	0.034234
28	43	0.0113513
28	44	0.0174501
28	45	0.00887894
28	46	0.00969023
28	47	0.0109594
28	48	0.00911492
28	49	0.0219081
28	50	0.0125868
28	51	0.0115382
28	52	0.0151305
28	53	0.0170383
28	54	0.0175126
28	55	0.0142721
28	56	0.0390731
28	57	0.0151202
28	58	0.010655
28	59	0
28	60	0.0101495
28	61	0.0149993
28	62	0
28	63	0.0142605
28	64	0.0118876
28	65	0.0165868
28	66	0.0139427
28	67	0.00565334
28	68	0.0118953
28	70	0.00924384
28	71	0.0143549
28	72	0.0148537
28	73	0.0253698
28	74	0.0205395
28	75	0.0162967
28	76	0.0115935
28	77	0.0127866
30	30	64.0468
30	31	0
30	32	0.0292159
30	33	0.0217588
30	34	0.0141177
30	35	0.00721345
30	36	0.0171172
30	38	0
30	39	0.0114692
30	40	0.00608476
30	41	0.0191717
30	42	0.0166134
30	43	0.0133368
30	44	0.0149108
30	45	0.01304
30	46	0.0056926
30	47	0.0107303
30	48	0.0107093
30	49	0.0225227
30	50	0.0123237
30	51	0.0118618
30	52	0.0133328
30	53	0.0160148
30	54	0.0157993
30	55	0.0146724
30	56	0.0229538
30	57	0.0108564
30	58	0.018778
30	59	0
30	60	0.0137594
30	61	0.0136177
30	62	0
30	63	0.0116353
30	64	0.0171095
30	65	0.015549
30	66	0.0155625
30	67	0.0166055
30	68	0.0104819
30	69	0
30	70	0.0162911
30	71	0.0252987
30	72	0.0189062
30	73	0.0132477
30	74	0.00603304
30	75	0.0287209
30	76	0.0175643
30	77	0.0209533
31	31	0
31	43	0
31	44	0
31	53	0
31	54	0
31	58	0
31	60	0
31	64	0
31	66	0
31	68	0
31	77	0
32	32	870.41
32	33	21.3011
32	35	0.0381714
32	36	0.0113224
32	41	0.0441092
32	42	0.0231351
32	43	0.0441091
32	44	0.0123287
32	47	0.0567814
32	50	0.0326066
32	51	0.0224176
32	52	0.0587944
32	53	0.00378329
32	54	0.0194431
32	58	0.023659
32	60	0.0121351
32	61	0.026493
32	63	0.0153927
32	64	0.0184772
32	65	0.0137135
32	66	0.0108358
32	67	0.0146452
32	68	0.0154076
32	70	0.0478931
32	73	0.0219072
32	76	0.0284526
32	77	0.00523013
33	33	806.856
33	34	0.0370923
33	35	0.0142142
33	38	0
33	39	0.0376672
33	41	0.0164253
33	42	0.01723
33	43	0.0394206
33	44	0.0367275
33	45	0.0256956
33	47	0.0211442
33	51	0.0166957
33	53	0.0197234
33	54	0.0217205
33	55	0.0206516
33	57	0.00972394
33	58	0.0264303
33	60	0.0135566
33	61	0.0197308
33	63	0.0183421
33	64	0.0206416
33	65	0.022469
33	66	0.012105
33	69	0
33	70	0.0356688
33	72	0.0286576
33	73	0.0326311
33	76	0.0105952
33	77	0.00389517
34	34	89.4542
34	35	0.0700918
34	36	0.0196963
34	38	0
34	39	0.0224844
34	40	0.0155591
34	41	0.0117229
34	42	0.0190049
34	43	0.0136412
34	44	0.0107234
34	45	0.0133376
34	47	0.0274379
34	48	0.0273842
34	49	0.0164548
34	50	0.0157562
34	51	0.0184155
34	52	0.0208345
34	53	0.0153565
34	54	0.015972
34	55	0.00803963
34	56	0.0167697
34	57	0.015142
34	58	0.0205785
34	59	0
34	60	0.0146598
34	61	0.0148503
34	62	0
34	63	0.0166612
34	64	0.0111607
34	65	0.0188196
34	66	0.0230387
34	67	0.0183998
34	68	0.0134015
34	69	0
34	70	0.0231429
34	71	0.0215634
34	72	0.00743756
34	73	0.0127032
34	75	0.0285604
34	76	0.0160404
34	77	0.0181966
35	35	135.83
35	36	0.00838654
35	38	0
35	39	0.0149849
35	40	0.0119249
35	41	0.0130687
35	42	0.0188499
35	43	0.00784121
35	44	0.014611
35	45	0.0255557
35	46	0.0223126
35	47	0.0126175
35	48	0.0314819
35	49	0.0126114
35	50	0.00966072
35	51	0.0116234
35	52	0.0319361
35	53	0.0168138
35	54	0.0136815
35	55	0.0123235
35	56	0.0192791
35	57	0.00773681
35	58	0.0157718
35	60	0.0152805
35	61	0.0164837
35	62	0
35	63	0.0173301
35	64	0.017792
35	65	0.0158459
35	66	0.0152496
35	67	0.0151869
35	68	0.00684747
35	69	0
35	70	0.00354746
35	71	0.0275445
35	72	0.0199511
35	73	0.00973605
35	74	0.0177352
35	75	0.0187623
35	76	0.015455
35	77	0.0216943
36	36	81.4444
36	38	0
36	39	0.0151124
36	40	0.0282972
36	41	0.0213204
36	42	0.0142323
36	43	0.0131799
36	44	0.0173357
36	45	0.00909638
36	46	0.0132367
36	47	0.00998023
36	48	0.0311271
36	49	0.00374078
36	50	0.00573112
36	51	0.0167461
36	52	0.0206681
36	53	0.0179543
36	54	0.0128153
36	55	0.00731081
36	56	0.0266866
36	57	0.0195066
36	58	0.0176733
36	60	0.0138641
36	61	0.016298
36	62	0
36	63	0.0151508
36	64	0.0150204
36	65	0.0161494
36	66	0.0109512
36	67	0.0128706
36	68	0.0135406
36	69	0
36	70	0.0168359
36	71	0.0196086
36	72	0.0169083
36	73	0.021178
36	74	0.0140283
36	75	0.0148407
36	76	0.015003
36	77	0.0174663
38	38	0
38	39	0
38	42	0
38	44	0
38	45	0
38	51	0
38	52	0
38	53	0
38	56	0
38	58	0
38	61	0
38	63	0
38	65	0
38	66	0
38	67	0
38	73	0
38	76	0
38	77	0
39	39	72.0306
39	40	6.2253
39	41	0.0164501
39	42	0.0154396
39	43	0.0152379
39	44	0.0096797
39	45	0.00541774
39	46	0.0118255
39	47	0.0200615
39	48	0.0111235
39	49	0.0167098
39	50	0.0128003
39	51	0.0158408
39	52	0.0153872
39	53	0.0204957
39	54	0.0198451
39	55	0.0108857
39	56	0.0170297
39	57	0.0143516
39	58	0.0111453
39	59	0
39	60	0.0171499
39	61	0.0137284
39	62	0
39	63	0.0174029
39	64	0.0159579
39	65	0.0157197
39	66	0.0144629
39	67	0.0172477
39	68	0.0133068
39	69	0
39	70	0.0169212
39	71	0.0145984
39	72	0.0226585
39	73	0.0223602
39	74	0.0125328
39	75	0.00994392
39	76	0.0163821
39	77	0.0160148
40	40	530.46
40	41	0.0137798
40	42	0.0289099
40	43	0.0220477
40	44	0.00770304
40	45	0.021557
40	46	0.0470534
40	47	0.0177387
40	48	0.0442598
40	49	0.0531903
40	50	0.0203728
40	51	0.0140067
40	52	0.012245
40	53	0.0118191
40	54	0.0242963
40	55	0.0173255
40	57	0.0163156
40	58	0.00739113
40	60	0.0265373
40	61	0.0132424
40	63	0.0211583
40	64	0.0202032
40	65	0.0119956
40	66	0.0169256
40	67	0.00915042
40	68	0.00962675
40	70	0.014962
40	71	0.0232346
40	72	0.012021
40	76	0.0118516
41	41	79.4441
41	42	1.13465
41	43	0.00906096
41	44	0.00949718
41	45	0.0088593
41	46	0.0128917
41	47	0.0145802
41	48	0.0303159
41	49	0.0145731
41	50	0.0195361
41	51	0.0153502
41	52	0.0218069
41	53	0.0168387
41	54	0.0145616
41	55	0.016614
41	56	0.011139
41	57	0.0189982
41	58	0.0222753
41	59	0
41	60	0.0140221
41	61	0.0136056
41	62	0
41	63	0.0144924
41	64	0.0154197
41	65	0.0187803
41	66	0.0166943
41	67	0.0200563
41	68	0.0131877
41	69	0
41	70	0.0163972
41	71	0.0127317
41	72	0.0082338
41	73	0.0187509
41	74	0.0136627
41	75	0.0144539
41	76	0.0138002
41	77	0.0147727
42	42	84.2981
42	43	0.0166335
42	44	0.00774859
42	45	0.00929334
42	47	0.0152945
42	48	0.0190807
42	49	0.0114653
42	50	0.014638
42	51	0.0140895
42	52	0.0158367
42	53	0.0203811
42	54	0.015275
42	55	0.00995881
42	56	0.0194746
42	57	0.0246181
42	58	0.0191181
42	60	0.0147091
42	61	0.0114177
42	62	0
42	63	0.0163081
42	64	0.0149309
42	65	0.0147753
42	66	0.0209173
42	67	0.0118344
42	68	0.0138338
42	69	0
42	70	0.0322509
42	71	0.00667773
42	72	0.0086372
42	73	0.0157356
42	74	0.0286641
42	75	0.0189526
42	76	0.0149021
42	77	0.0154965
43	43	62.5899
43	44	1.0679
43	45	0.0141748
43	46	0.0360967
43	47	0.0136081
43	48	0.00970104
43	49	0.0174877
43	50	0.0156288
43	51	0.0161177
43	52	0.0201293
43	53	0.0160615
43	54	0.0149775
43	55	0.00949366
43	56	0.0207928
43	57	0.0169865
43	58	0.0202502
43	59	0
43	60	0.0141259
43	61	0.0174151
43	62	0
43	63	0.0166531
43	64	0.0110705
43	65	0.0169022
43	66	0.0148393
43	67	0.0200562
43	68	0.0200453
43	69	0
43	70	0.00819855
43	71	0.0127317
43	72	0.0105392
43	73	0.0165007
43	74	0.00819759
43	75	0.0173447
43	76	0.017859
43	77	0.0175482
44	44	92.0721
44	45	0.00660322
44	46	0.00720657
44	47	0.0163009
44	48	0.00677872
44	49	0.016293
44	50	0.012481
44	51	0.00643567
44	52	0.0150033
44	53	0.0173777
44	54	0.0176755
44	55	0.0159211
44	56	0.0124536
44	57	0.0112448
44	58	0.0135841
44	59	0
44	60	0.0133544
44	61	0.0177465
44	63	0.0159082
44	64	0.0145873
44	65	0.0191594
44	66	0.0171091
44	67	0.0210218
44	68	0.0235905
44	69	0
44	70	0.0252069
44	71	0.0177928
44	72	0.0128877
44	73	0.0209638
44	74	0.0114563
44	75	0.0161597
44	76	0.017244
44	77	0.0145142
45	45	247.565
45	46	6.13096
45	47	0.030412
45	48	0.0189703
45	50	0.017464
45	51	0.0240137
45	52	0.0157451
45	53	0.0182369
45	54	0.0104137
45	55	0.0074259
45	57	0.0104896
45	58	0.0190075
45	60	0.0259982
45	61	0.0198654
45	62	0
45	63	0.017313
45	64	0.0123705
45	65	0.0190968
45	66	0.0130582
45	67	0.0235319
45	68	0.0165046
45	70	0.00641287
45	71	0.0398346
45	72	0.0206094
45	73	0.0234669
45	74	0.0213737
45	75	0.0226116
45	76	0.0126993
45	77	0.02241
46	46	528.91
46	49	0.0248811
46	51	0.0458638
46	52	0.0229117
46	53	0.0110574
46	54	0.0227304
46	55	0.0162088
46	57	0.015264
46	58	0.0276591
46	60	0.0212802
46	61	0.0123889
46	62	0
46	63	0.0107971
46	64	0.0216012
46	65	0.00801603
46	66	0.0221687
46	68	0.0270189
46	70	0.0139977
46	71	0.0217372
46	75	0.0493553
46	76	0.0110877
46	77	0.015286
47	47	197.149
47	48	8.88217
47	50	0.00718534
47	51	0.0197602
47	52	0.0215937
47	53	0.0208426
47	54	0.014996
47	55	0.0183317
47	56	0.0286784
47	57	0.0201404
47	58	0.00782041
47	60	0.0133707
47	61	0.0175144
47	62	0
47	63	0.0115328
47	64	0.0091614
47	65	0.0235713
47	66	0.0107452
47	67	0.0129092
47	68	0.0101859
47	70	0.0158309
47	71	0.00819471
47	72	0.0169589
47	73	0.0144827
47	74	0.00879395
47	75	0.0465161
47	76	0.0208999
47	77	0.0161355
48	48	473.502
48	51	0.0246519
48	52	0.0215514
48	53	0.0187216
48	54	0.0240535
48	55	0.0152465
48	56	0.0238518
48	57	0.0215367
48	60	0.0300252
48	61	0.0174801
48	63	0.0135414
48	64	0.0126992
48	65	0.0135722
48	66	0.0089368
48	67	0.0161048
48	68	0.0169432
48	71	0.0204466
48	72	0.0211571
48	75	0.0232125
48	76	0.0208589
48	77	0.028757
49	49	310.358
49	50	3.45807
49	51	0.0185162
49	52	0.0129499
49	53	0.0112496
49	54	0.0112415
49	55	0.0458072
49	57	0.0172548
49	58	0.0117249
49	60	0.0240557
49	61	0.0210071
49	63	0.00813686
49	64	0.0106831
49	65	0.0126861
49	66	0.01969
49	67	0.0435473
49	68	0.0203619
49	69	0
49	70	0.0158233
49	74	0.0263691
49	75	0.0278962
49	76	0.0141006
49	77	0.0172797
50	50	246.926
50	51	0.00567363
50	52	0.0148801
50	53	0.0258526
50	54	0.0098416
50	55	0.0210539
50	56	0.021958
50	57	0.0231311
50	58	0.00598779
50	60	0.0168919
50	61	0.00536404
50	63	0.0140245
50	64	0.0163673
50	65	0.0124946
50	66	0.013712
50	67	0.0148261
50	68	0.0272963
50	69	0
50	71	0.0188231
50	72	0.0194772
50	73	0.0221778
50	74	0.0403992
50	75	0.0213694
50	76	0.0192027
50	77	0.0158842
51	51	73.6106
51	52	1.50557
51	53	0.0138243
51	54	0.0139555
51	55	0.0168874
51	56	0.0150965
51	57	0.0113593
51	58	0.0144085
51	60	0.0142529
51	61	0.0124466
51	62	0
51	63	0.0136596
51	64	0.0152717
51	65	0.0124081
51	66	0.015555
51	67	0.0127415
51	68	0.00938336
51	70	0.0166671
51	71	0.0194119
51	72	0.0167387
51	73	0.0171536
51	74	0.0381909
51	75	0.0220378
51	76	0.0111394
51	77	0.016381
52	52	143.048
52	53	0.0195672
52	54	0.0170064
52	55	0.00421814
52	56	0.0065989
52	57	0.00993066
52	58	0.00899738
52	60	0.0203056
52	61	0.0145082
52	62	0
52	63	0.0196686
52	64	0.0168643
52	65	0.0112647
52	66	0.0189556
52	67	0.011139
52	68	0.0140626
52	70	0.0218562
52	71	0.0169704
52	72	0.0321935
52	73	0.0166624
52	74	0.0121409
52	75	0.00642202
52	76	0.0137058
52	77	0.0159119
53	53	24.946
53	54	0.398382
53	55	0.0122142
53	56	0.0216559
53	57	0.0176368
53	58	0.0215374
53	59	0
53	60	0.0147886
53	61	0.0147815
53	62	0
53	63	0.0141027
53	64	0.0161421
53	65	0.0166718
53	66	0.0168644
53	67	0.013762
53	68	0.0149308
53	69	0
53	70	0.0133608
53	71	0.0196562
53	72	0.0158194
53	73	0.0167261
53	74	0.0164061
53	75	0.0148767
53	76	0.0147609
53	77	0.0124404
54	54	30.8753
54	55	0.0136005
54	56	0.0163667
54	57	0.0142855
54	58	0.0182987
54	59	0
54	60	0.0157955
54	61	0.0165924
54	62	0
54	63	0.0150993
54	64	0.0167309
54	65	0.0165565
54	66	0.0132866
54	67	0.0171288
54	68	0.0133701
54	69	0
54	70	0.0207798
54	71	0.0126271
54	72	0.0101623
54	73	0.015704
54	74	0.0135505
54	75	0.0222992
54	76	0.0148498
54	77	0.0140101
55	55	207.02
55	56	3.22119
55	57	0.0168611
55	58	0.0178225
55	59	0
55	60	0.0130593
55	61	0.0193872
55	62	0
55	63	0.0106016
55	64	0.0248555
55	65	0.0100353
55	66	0.0151593
55	67	0.00945634
55	68	0.0198972
55	69	0
55	70	0.0309243
55	71	0.00800381
55	72	0.0248458
55	73	0.00943024
55	74	0.0171782
55	76	0.0142891
55	77	0.00787982
56	56	354.4
56	57	0.0131888
56	58	0.0438143
56	60	0.0122581
56	61	0.0160569
56	62	0
56	63	0.00932918
56	64	0.0248859
56	65	0.0221639
56	66	0.0218911
56	67	0.024656
56	68	0.0155637
56	70	0.0161261
56	72	0.0259127
56	73	0.0073764
56	74	0.0134369
56	76	0.0207573
56	77	0.0123273
57	57	102.818
57	58	1.13649
57	59	0
57	60	0.0147577
57	61	0.0171832
57	62	0
57	63	0.0155994
57	64	0.0149803
57	65	0.0191787
57	66	0.0148247
57	67	0.0103893
57	68	0.0249832
57	69	0
57	70	0.0194145
57	71	0.0263805
57	72	0.0175481
57	73	0.0288618
57	75	0.00855687
57	76	0.0153785
57	77	0.0201414
58	58	82.5988
58	59	0
58	60	0.0178277
58	61	0.0121628
58	62	0
58	63	0.017808
58	64	0.0161173
58	65	0.0191391
58	66	0.0169138
58	67	0.0121024
58	68	0.00990295
58	69	0
58	70	0.0109937
58	71	0.0136579
58	72	0.0141324
58	73	0.0221264
58	74	0.0146566
58	75	0.00387635
58	76	0.012627
58	77	0.0148869
59	59	0
59	60	0
59	61	0
59	63	0
59	65	0
59	66	0
59	68	0
59	69	0
59	70	0
59	76	0
59	77	0
60	60	33.8573
60	61	0.452416
60	62	0
60	63	0.0130486
60	64	0.0119652
60	65	0.0134335
60	66	0.0142889
60	67	0.0186225
60	68	0.0101588
60	69	0
60	70	0.00789443
60	71	0.0175134
60	72	0.0226524
60	73	0.015476
60	74	0.0263117
60	75	0.0139177
60	76	0.0147399
60	77	0.0142863
61	61	31.9076
61	62	0
61	63	0.014307
61	64	0.0155782
61	65	0.0128591
61	66	0.0147062
61	67	0.00963702
61	68	0.0139407
61	69	0
61	70	0.0157576
61	71	0.0183527
61	72	0.0166166
61	73	0.0135147
61	74	0.0229772
61	75	0.00868137
61	76	0.0161874
61	77	0.0163476
62	62	0
62	63	0
62	64	0
62	65	0
62	66	0
62	68	0
62	73	0
62	76	0
62	77	0
63	63	18.8419
63	64	0.284226
63	65	0.0147458
63	66	0.0164416
63	67	0.0157477
63	68	0.0165675
63	69	0
63	70	0.0114441
63	71	0.0177718
63	72	0.0151712
63	73	0.0177982
63	74	0.0181178
63	75	0.0201758
63	76	0.0167704
63	77	0.0156218
64	64	27.4226
64	65	0.015439
64	66	0.0149577
64	67	0.0157529
64	68	0.0176778
64	69	0
64	70	0.0120203
64	71	0.0186665
64	72	0.0131066
64	73	0.0164949
64	74	0.015739
64	75	0.0121094
64	76	0.013432
64	77	0.0157519
65	65	17.2316
65	66	0.31718
65	67	0.0127827
65	68	0.0147601
65	69	0
65	70	0.0152935
65	71	0.0166247
65	72	0.0212981
65	73	0.0116592
65	74	0.0178404
65	75	0.0116836
65	76	0.0143352
65	77	0.0163671
66	66	33.0837
66	67	0.0160127
66	68	0.0187901
66	69	0
66	70	0.0191334
66	71	0.0250211
66	72	0.0169907
66	73	0.0147402
66	74	0.0167818
66	75	0.0106522
66	76	0.0183466
66	77	0.0167156
67	67	105.233
67	68	1.12093
67	69	0
67	70	0.0136105
67	71	0.021136
67	72	0.0153093
67	73	0.0199223
67	74	0.0181453
67	75	0.00959805
67	76	0.0129373
67	77	0.0208086
68	68	112.245
68	69	0
68	70	0.0286381
68	71	0.0133418
68	72	0.020708
68	73	0.0157195
68	74	0.0190898
68	75	0.0100977
68	76	0.0232518
68	77	0.015637
69	69	0
69	70	0
69	72	0
69	73	0
69	75	0
69	76	0
69	77	0
70	70	185.854
70	71	4.23011
70	72	0.00357606
70	73	0.0122157
70	74	0.00741738
70	75	0.00784695
70	76	0.0176283
70	77	0.0145819
71	71	300.414
71	72	0.0111066
71	73	0.0189699
71	76	0.0191627
71	77	0.012077
72	72	144.648
72	73	2.1363
72	74	0.0059594
72	75	0.0126091
72	76	0.0155796
72	77	0.0156208
73	73	159.286
73	75	0.0287147
73	76	0.00725716
73	77	0.0115614
74	74	304.98
74	75	3.0338
74	76	0.0235017
74	77	0.0178202
75	75	309.564
75	76	0.0124314
75	77	0.0137107
76	76	30.0571
76	77	0.364803
77	77	33.565
