1	1	24.5171
1	2	0.364693
1	3	0.0397414
1	4	0.0331828
1	6	0.0137034
1	7	0.0244048
1	8	0.0108741
1	9	0.0173428
1	12	0.0102644
1	13	0.00974081
1	14	0.0209962
1	15	0.00677034
1	16	0.0107851
1	17	0.0244276
1	18	0.0229903
1	19	0.0234554
1	20	0.0138381
1	21	0.013311
1	22	0.0115416
1	23	0.0100742
1	24	0.0108629
1	25	0.0124866
1	26	0.0111465
1	27	0.0145827
1	28	0.0182638
1	30	0.0121581
1	32	0.0337484
1	33	0.0153007
1	34	0.011949
1	35	0.0131205
1	36	0.0141272
1	39	0.0155713
1	40	0.0227845
1	41	0.0116999
1	42	0.00990819
1	43	0.0162377
1	44	0.0174521
1	45	0.0161799
1	46	0.0193861
1	47	0.0167694
1	48	0.0159189
1	49	0.0119031
1	50	0.0159799
1	51	0.00997598
1	52	0.00794746
1	53	0.0145741
1	54	0.0141756
1	55	0.0155417
1	56	0.0108233
1	57	0.0119856
1	58	0.0182278
1	59	0
1	60	0.0131225
1	61	0.0192384
1	62	0
1	63	0.0126156
1	64	0.0133972
1	65	0.0136461
1	66	0.0141722
1	67	0.012241
1	68	0.00689126
1	69	0
1	70	0.0169234
1	71	0.013742
1	72	0.0114865
1	73	0.0131247
1	74	0.0157717
1	75	0.0119726
1	76	0.0251034
1	77	0.00831833
2	2	33.6558
2	3	0.456932
2	4	0.0403804
2	6	0.0107586
2	7	0.0102644
2	8	0.00853728
2	9	0.00583539
2	11	0
2	12	0.0174603
2	13	0.0200748
2	14	0.0131873
2	15	0.0239194
2	16	0.0190516
2	17	0.00767127
2	18	0.0180497
2	19	0.0127488
2	20	0.0162965
2	21	0.0173554
2	22	0.0169901
2	23	0.0192789
2	24	0.0144984
2	25	0.0220573
2	26	0.0120329
2	27	0.0171734
2	28	0.0136872
2	30	0.0126336
2	31	0
2	32	0.00662399
2	33	0.0225236
2	34	0.014613
2	35	0.0118158
2	36	0.0144187
2	39	0.00675595
2	40	0.0201242
2	41	0.0127185
2	42	0.0116684
2	43	0.0122929
2	44	0.0143868
2	45	0.0137614
2	46	0.0228301
2	47	0.0120686
2	48	0.0187469
2	49	0.0183983
2	50	0.0164664
2	51	0.0148811
2	52	0.0187187
2	53	0.0166096
2	54	0.015104
2	55	0.0144203
2	56	0.0207124
2	57	0.0131067
2	58	0.010733
2	59	0
2	60	0.00579517
2	61	0.0105729
2	63	0.0205709
2	64	0.0245424
2	65	0.0176774
2	66	0.0146037
2	67	0.0207224
2	68	0.0192744
2	69	0
2	70	0.011958
2	71	0.0197796
2	72	0.0144933
2	73	0.0142675
2	74	0.0168851
2	75	0.0123371
2	76	0.0110862
2	77	0.0209917
3	3	30.3854
3	4	0.299545
3	6	0.0127266
3	7	0.0233127
3	8	0.0100989
3	9	0.0138056
3	11	0
3	12	0.0101682
3	13	0.0176406
3	14	0.00935975
3	15	0.0169769
3	16	0.016026
3	17	0.0163341
3	18	0.0128109
3	19	0.0100539
3	20	0.0192775
3	21	0.0121856
3	22	0.0120588
3	23	0.0210512
3	24	0.0129133
3	25	0.016525
3	26	0.0207039
3	27	0.0211274
3	28	0.00740156
3	30	0.0151438
3	31	0
3	32	0.0125371
3	33	0.017052
3	34	0.0133166
3	35	0.0180628
3	36	0.0209922
3	38	0
3	39	0.0127868
3	40	0.0190443
3	41	0.014042
3	42	0.0170653
3	43	0.0116333
3	44	0.0058349
3	45	0.0240424
3	46	0.0151235
3	47	0.0176506
3	48	0.0147841
3	49	0.017411
3	50	0.0122436
3	51	0.0111178
3	52	0.0177142
3	53	0.0125747
3	54	0.0188072
3	55	0.011547
3	56	0.0158315
3	57	0.0104952
3	58	0.0142199
3	60	0.0109684
3	61	0.0242992
3	62	0
3	63	0.0162225
3	64	0.0174191
3	65	0.0187565
3	66	0.0118458
3	67	0.0153473
3	68	0.0153601
3	69	0
3	70	0.013831
3	71	0.0136132
3	72	0.01463
3	73	0.0168773
3	74	0.0143811
3	75	0.0200144
3	76	0.0198168
3	77	0.0132435
4	4	32.352
4	6	0.00807597
4	7	0.012328
4	8	0.0128171
4	9	0.00876069
4	12	0.0174755
4	13	0.0100461
4	14	0.0098991
4	15	0.0119701
4	16	0.00847475
4	17	0.00767794
4	18	0.0135491
4	19	0.0127599
4	20	0.0244661
4	21	0.0151291
4	22	0.0136039
4	23	0.0202852
4	24	0.0204862
4	25	0.0137978
4	26	0.0164227
4	27	0.0189072
4	28	0.0215272
4	30	0.0118016
4	32	0.0198893
4	33	0.0180346
4	34	0.014084
4	35	0.0163746
4	36	0.0210918
4	38	0
4	39	0.00965975
4	40	0.0201417
4	41	0.00742559
4	42	0.0138019
4	43	0.00956949
4	44	0.0185134
4	45	0.0158924
4	46	0.00685499
4	47	0.0142753
4	48	0.015636
4	49	0.0236755
4	50	0.0153035
4	51	0.0141102
4	52	0.0173968
4	53	0.0182865
4	54	0.0127302
4	55	0.0172084
4	56	0.0143518
4	57	0.0161454
4	58	0.00859391
4	60	0.00773361
4	61	0.0241876
4	62	0
4	63	0.0108663
4	64	0.00877277
4	65	0.0193012
4	66	0.0114843
4	67	0.0252493
4	68	0.0121839
4	69	0
4	70	0.0159578
4	71	0.012598
4	72	0.00967063
4	73	0.0202298
4	74	0.0185897
4	75	0.0194037
4	76	0.0110958
4	77	0.00980464
6	6	69.8764
6	7	0.869727
6	8	0.0529304
6	9	0.066328
6	12	0.0138785
6	13	0.023707
6	14	0.01022
6	15	0.0247163
6	16	0.00874952
6	17	0.0118903
6	18	0.0139884
6	19	0.0175648
6	20	0.0168395
6	21	0.0138841
6	22	0.0263343
6	23	0.0163456
6	24	0.0158628
6	25	0.0037987
6	26	0.0180855
6	27	0.0141965
6	28	0.00404093
6	30	0.0121842
6	31	0
6	33	0.00930964
6	34	0.0156591
6	35	0.0169055
6	36	0.00687651
6	39	0.00997294
6	40	0.0138632
6	41	0.0153327
6	42	0.0131533
6	43	0.0112911
6	44	0.0254848
6	45	0.0109384
6	46	0.00943632
6	47	0.0181392
6	48	0.032286
6	49	0.0126742
6	50	0.0145844
6	51	0.0194235
6	52	0.00828961
6	53	0.0148746
6	54	0.00657149
6	55	0.0103159
6	56	0.0115245
6	57	0.010418
6	58	0.0110907
6	60	0.0119765
6	61	0.0124859
6	62	0
6	63	0.0212563
6	64	0.0108686
6	65	0.0143917
6	66	0.0107788
6	67	0.0260679
6	68	0.0125789
6	70	0.0109835
6	71	0.0111484
6	72	0.0179715
6	73	0.0122857
6	74	0.0244267
6	75	0.010927
6	76	0.0152741
6	77	0.0173529
7	7	51.6906
7	8	0.898884
7	9	0.050625
7	12	0.0148299
7	13	0.00678542
7	14	0.0208013
7	15	0.0220089
7	16	0.0166952
7	17	0.0181506
7	18	0.0249122
7	19	0.0100548
7	20	0.016066
7	21	0.00794781
7	22	0.0174197
7	23	0.0116961
7	24	0.0147978
7	25	0.0173962
7	26	0.00862738
7	27	0.0135444
7	28	0.012337
7	30	0.0185993
7	32	0.0313454
7	33	0.0142112
7	34	0.0136593
7	35	0.0129032
7	36	0.0157456
7	38	0
7	39	0.0106566
7	40	0.0317433
7	41	0.0117027
7	42	0.015059
7	43	0.012927
7	44	0.0162095
7	45	0.013358
7	46	0.0216069
7	47	0.0121142
7	48	0.0246424
7	49	0.00829169
7	50	0.0176249
7	51	0.00988337
7	52	0.0147632
7	53	0.0122264
7	54	0.016301
7	55	0.017497
7	56	0.0175921
7	57	0.00636126
7	58	0.023702
7	59	0
7	60	0.00304704
7	61	0.0190598
7	63	0.0144213
7	64	0.0110607
7	65	0.0118295
7	66	0.0115177
7	67	0.00852702
7	68	0.0128012
7	69	0
7	70	0.0146705
7	71	0.0141817
7	72	0.00914453
7	73	0.0150033
7	74	0.0213072
7	75	0.0166801
7	76	0.00777197
7	77	0.0132446
8	8	55.7225
8	9	1.18186
8	11	0
8	12	0.011013
8	13	0.00235153
8	14	0.0108132
8	15	0.00653772
8	16	0.00694301
8	17	0.00943532
8	18	0.0296005
8	19	0.0104536
8	20	0.010022
8	21	0.0119356
8	22	0.0250764
8	23	0.0162135
8	24	0.00979035
8	25	0.0150719
8	26	0.0125575
8	27	0.0225307
8	28	0.0256528
8	30	0.0179559
8	31	0
8	32	0.0217259
8	34	0.0159763
8	35	0.0149056
8	36	0.0127323
8	39	0.0174104
8	40	0.0220017
8	41	0.0156432
8	42	0.0156563
8	43	0.0156798
8	44	0.0168525
8	45	0.00520798
8	46	0.022464
8	47	0.021591
8	48	0.010248
8	49	0.0114942
8	50	0.013502
8	51	0.0154132
8	52	0.0131561
8	53	0.00998756
8	54	0.019555
8	55	0.0154624
8	56	0.0156771
8	57	0.0148806
8	58	0.0193617
8	59	0
8	60	0.00950374
8	61	0.0148619
8	63	0.0121821
8	64	0.0244363
8	65	0.0158127
8	66	0.0171066
8	67	0.0236407
8	68	0.0166362
8	69	0
8	70	0.0217893
8	71	0.0117954
8	72	0.0237682
8	73	0.0116989
8	74	0.0193833
8	75	0.0173418
8	76	0.0181806
8	77	0.0160651
9	9	84.0003
9	11	0
9	12	0.0150552
9	13	0.0128585
9	14	0.0258686
9	15	0.013406
9	16	0.0379654
9	17	0.0171979
9	18	0.0101162
9	19	0.0142905
9	21	0.0175715
9	22	0.0190447
9	23	0.0121904
9	24	0.0172077
9	25	0.0103019
9	26	0.0196189
9	27	0.00385004
9	28	0.00876708
9	30	0.0151054
9	32	0.0297001
9	33	0.010099
9	34	0.00728005
9	35	0.0101882
9	36	0.0149191
9	39	0.00865479
9	40	0.0150385
9	41	0.0142566
9	42	0.0166466
9	43	0.0122485
9	44	0.00460759
9	45	0.0071195
9	46	0.00511819
9	47	0.0270561
9	48	0.00700467
9	49	0.0137488
9	50	0.0145025
9	51	0.0175586
9	52	0.0179849
9	53	0.0124121
9	54	0.0160395
9	55	0.0186509
9	56	0.0196453
9	57	0.0203423
9	58	0.0192496
9	60	0.012992
9	61	0.0169307
9	63	0.0217775
9	64	0.0176852
9	65	0.0180138
9	66	0.00467707
9	67	0.0161589
9	68	0.0181939
9	69	0
9	70	0.00893603
9	71	0.0120936
9	72	0.0129968
9	73	0.00533094
9	75	0.0237069
9	76	0.011046
9	77	0.00627472
11	11	0
11	12	0
11	13	0
11	14	0
11	15	0
11	18	0
11	19	0
11	20	0
11	21	0
11	23	0
11	24	0
11	25	0
11	26	0
11	27	0
11	28	0
11	30	0
11	33	0
11	34	0
11	35	0
11	39	0
11	41	0
11	42	0
11	43	0
11	45	0
11	46	0
11	49	0
11	50	0
11	51	0
11	52	0
11	53	0
11	54	0
11	55	0
11	56	0
11	57	0
11	58	0
11	59	0
11	60	0
11	61	0
11	63	0
11	64	0
11	65	0
11	66	0
11	67	0
11	68	0
11	69	0
11	71	0
11	73	0
11	74	0
11	75	0
11	76	0
12	12	38.383
12	13	0.631869
12	14	0.0510346
12	15	0.0390839
12	16	0.0196611
12	17	0.0138542
12	18	0.0209556
12	19	0.0109639
12	20	0.0147157
12	21	0.0132885
12	22	0.0122735
12	23	0.0168348
12	24	0.0105616
12	25	0.0123299
12	26	0.0169334
12	27	0.0177228
12	28	0.00807148
12	30	0.00869183
12	32	0.0068359
12	33	0.0325419
12	34	0.0111707
12	35	0.0150078
12	36	0.0114461
12	38	0
12	39	0.0149402
12	40	0.00692267
12	41	0.00984407
12	42	0.010947
12	43	0.0070479
12	44	0.00848403
12	45	0.017479
12	46	0.0212044
12	47	0.0169837
12	48	0.02902
12	49	0.0162745
12	50	0.0109242
12	51	0.0137407
12	52	0.0179377
12	53	0.0125701
12	54	0.017228
12	55	0.0114474
12	56	0.00904329
12	57	0.0145665
12	58	0.00886114
12	60	0.0139547
12	61	0.0264985
12	63	0.0141527
12	64	0.00904556
12	65	0.012162
12	66	0.0107649
12	67	0.0111576
12	68	0.0146565
12	69	0
12	70	0.0205675
12	71	0.0129897
12	72	0.0139599
12	73	0.0147239
12	74	0.0139402
12	75	0.0200071
12	76	0.0216104
12	77	0.020219
13	13	43.4789
13	14	0.842706
13	15	0.0373343
13	16	0.0186582
13	17	0.00845198
13	18	0.014915
13	19	0.0187283
13	20	0.0179551
13	21	0.0191216
13	22	0.0102955
13	23	0.0125267
13	24	0.0112757
13	25	0.017214
13	26	0.0204888
13	27	0.032166
13	28	0.0215431
13	30	0.0157752
13	32	0.0218944
13	33	0.00992635
13	34	0.017889
13	35	0.0210296
13	36	0.0183301
13	38	0
13	39	0.0170137
13	40	0.0147815
13	41	0.0151807
13	42	0.0163621
13	43	0.0195636
13	44	0.0135865
13	45	0.00933042
13	46	0.0226382
13	47	0.0157144
13	48	0.0172124
13	49	0.00772218
13	50	0.0187902
13	51	0.0103551
13	52	0.011785
13	53	0.01464
13	54	0.0166412
13	55	0.0134436
13	56	0.00965476
13	57	0.00444326
13	58	0.0224682
13	59	0
13	60	0.0191549
13	61	0.00998478
13	62	0
13	63	0.0144801
13	64	0.0202801
13	65	0.0200667
13	66	0.0103435
13	67	0.01489
13	68	0.0190006
13	69	0
13	70	0.0219582
13	71	0.0118869
13	72	0.0117101
13	73	0.0104796
13	74	0.0111621
13	75	0.0213599
13	76	0.0108572
13	77	0.0123349
14	14	53.324
14	15	0.515032
14	16	0.0107247
14	17	0.00971634
14	18	0.00571539
14	19	0.0161475
14	20	0.0129006
14	21	0.0148911
14	22	0.0215194
14	23	0.0181573
14	24	0.0108021
14	25	0.0104766
14	26	0.0263248
14	27	0.00870065
14	28	0.00247658
14	30	0.00853415
14	32	0.0167797
14	33	0.0228225
14	34	0.0123391
14	35	0.0172682
14	36	0.0210722
14	38	0
14	39	0.0268934
14	40	0.00849636
14	41	0.0241637
14	42	0.0161226
14	43	0.0173001
14	44	0.0182221
14	45	0.01743
14	46	0.0144582
14	47	0.0138963
14	48	0.0158298
14	49	0.013316
14	50	0.0141524
14	51	0.0128962
14	52	0.0118545
14	53	0.0161288
14	54	0.01611
14	55	0.0105373
14	56	0.0161441
14	57	0.0204318
14	58	0.0190321
14	60	0.0122335
14	61	0.0133915
14	63	0.0217124
14	64	0.0210935
14	65	0.0088203
14	66	0.00924845
14	67	0.0182586
14	68	0.0179883
14	69	0
14	70	0.0100972
14	71	0.0159426
14	72	0.0122381
14	73	0.00903549
14	74	0.0213864
14	75	0.00892915
14	76	0.0171619
14	77	0.0194977
15	15	61.9301
15	16	0.0259368
15	17	0.0205609
15	18	0.0138222
15	19	0.0260342
15	20	0.00623982
15	21	0.0205788
15	22	0.0273226
15	23	0.0174133
15	24	0.0208992
15	25	0.0168911
15	26	0.0117276
15	27	0.0105209
15	28	0.0209629
15	30	0.0141894
15	33	0.0275972
15	34	0.019894
15	35	0.0208809
15	36	0.00679484
15	39	0.0147817
15	40	0.0205478
15	41	0.00973966
15	42	0.0113725
15	43	0.0167356
15	44	0.0188866
15	45	0.00972765
15	46	0.0139864
15	47	0.0268856
15	48	0.00478538
15	49	0.0201274
15	50	0.0108083
15	51	0.0191928
15	52	0.0102389
15	53	0.020351
15	54	0.00974015
15	55	0.016989
15	56	0.0134211
15	57	0.0123531
15	58	0.0131507
15	60	0.0118343
15	61	0.0161931
15	63	0.0157529
15	64	0.012082
15	65	0.0123065
15	66	0.0159762
15	67	0.0165589
15	68	0.0139832
15	69	0
15	70	0.00813976
15	71	0.00826196
15	72	0.00739919
15	73	0.0109258
15	74	0.0181025
15	75	0.0053986
15	76	0.0132061
15	77	0.0150034
16	16	54.8483
16	17	0.798556
16	18	0.0513768
16	19	0.0345602
16	20	0.0563264
16	21	0.0118379
16	22	0.015199
16	23	0.0160807
16	24	0.0097102
16	25	0.010464
16	26	0.0160131
16	27	0.00837984
16	28	0.0127214
16	30	0.0123292
16	32	0.021548
16	33	0.007327
16	34	0.0140849
16	35	0.0221753
16	36	0.00902008
16	39	0.0188377
16	40	0.0218215
16	41	0.0120673
16	42	0.0138028
16	43	0.0155514
16	44	0.0100287
16	45	0.0103307
16	46	0.0111401
16	47	0.0178452
16	48	0.0101641
16	49	0.0114001
16	50	0.014348
16	51	0.0140131
16	52	0.0130484
16	53	0.0108063
16	54	0.0181019
16	55	0.0135316
16	56	0.00907013
16	57	0.0147588
16	58	0.0104745
16	59	0
16	60	0.0188519
16	61	0.0147403
16	63	0.0158
16	64	0.0114053
16	65	0.0113268
16	66	0.00848328
16	67	0.0117236
16	68	0.0132
16	69	0
16	70	0.0108055
16	71	0.020473
16	72	0.0267168
16	73	0.013537
16	74	0.0192247
16	75	0.00573327
16	76	0.00801413
16	77	0.0159335
17	17	51.0332
17	18	0.734765
17	19	0.040704
17	20	0.0480287
17	21	0.0164998
17	22	0.0150218
17	23	0.0138403
17	24	0.0175944
17	25	0.0216689
17	26	0.0161195
17	27	0.0101226
17	28	0.0115253
17	30	0.00744667
17	32	0.019522
17	33	0.0199143
17	34	0.0167483
17	35	0.0147329
17	36	0.0114408
17	39	0.0184887
17	40	0.0197698
17	41	0.0140564
17	42	0.0156313
17	43	0.0120765
17	44	0.015143
17	45	0.0187187
17	46	0.0168211
17	47	0.0145506
17	49	0.0206564
17	50	0.0164653
17	51	0.0115414
17	52	0.0216729
17	53	0.0106061
17	54	0.0128857
17	55	0.013894
17	56	0.0164347
17	57	0.0163425
17	58	0.0110713
17	59	0
17	60	0.0199259
17	61	0.0133544
17	63	0.0151565
17	64	0.0180827
17	65	0.0142087
17	66	0.0153713
17	67	0.0106213
17	68	0.0089692
17	69	0
17	70	0.0097895
17	71	0.0158983
17	72	0.0199334
17	73	0.0157682
17	74	0.00746448
17	75	0.023374
17	76	0.0145213
17	77	0.0144354
18	18	67.3735
18	19	0.865636
18	20	0.0353146
18	21	0.0135878
18	22	0.0073635
18	23	0.0197104
18	24	0.017742
18	25	0.0127462
18	26	0.0246529
18	27	0.0119087
18	28	0.0169487
18	30	0.0189814
18	32	0.0114834
18	33	0.0156188
18	34	0.0150122
18	35	0.00945412
18	36	0.0230735
18	39	0.0167316
18	40	0.0116291
18	41	0.0202115
18	42	0.0147116
18	43	0.0142074
18	44	0.00712599
18	45	0.0146811
18	46	0.0118735
18	47	0.0209221
18	48	0.0162499
18	49	0.0121506
18	50	0.00917557
18	51	0.0203668
18	52	0.0115896
18	53	0.0172767
18	54	0.0124031
18	55	0.0144225
18	56	0.00828625
18	57	0.010487
18	58	0.00744273
18	60	0.0133954
18	61	0.0157107
18	63	0.0198121
18	64	0.0212734
18	65	0.0148585
18	66	0.0090418
18	67	0.0109335
18	68	0.0158277
18	69	0
18	70	0.0138202
18	71	0.0093518
18	72	0.0201005
18	73	0.0144282
18	74	0.0117088
18	75	0.00916611
18	76	0.0149481
18	77	0.00727824
19	19	57.6861
19	20	0.69176
19	21	0.00639818
19	22	0.00693461
19	23	0.0129129
19	24	0.00974668
19	25	0.0105033
19	26	0.0160733
19	27	0.0224302
19	28	0.0223461
19	30	0.0178758
19	33	0.0147091
19	34	0.0141378
19	35	0.00890345
19	36	0.0217295
19	39	0.0173328
19	40	0.0219035
19	41	0.0190342
19	42	0.0138547
19	43	0.0245297
19	44	0.0201328
19	45	0.00864125
19	46	0.0111819
19	47	0.0232859
19	48	0.0102022
19	49	0.0257465
19	50	0.0172823
19	51	0.0179018
19	52	0.00873162
19	53	0.00994301
19	54	0.0181699
19	55	0.014488
19	56	0.0234108
19	57	0.0164603
19	58	0.00876153
19	60	0.0315378
19	61	0.0147956
19	63	0.0121278
19	64	0.0071551
19	65	0.0148676
19	66	0.0153273
19	67	0.0132386
19	68	0.0115934
19	69	0
19	70	0.00216921
19	71	0.0117428
19	72	0.00630992
19	73	0.0252345
19	74	0.027567
19	75	0.014387
19	76	0.00402212
19	77	0.0137086
20	20	53.4671
20	21	0.024536
20	22	0.0172855
20	23	0.011606
20	24	0.0133489
20	25	0.0215777
20	26	0.0119853
20	27	0.00537602
20	28	0.0244839
20	30	0.0105463
20	34	0.0093184
20	35	0.0142264
20	36	0.0138882
20	39	0.00755322
20	40	0.0104996
20	41	0.0199072
20	42	0.0166033
20	43	0.0149653
20	44	0.0289523
20	45	0.0281671
20	46	0.0214404
20	47	0.0154554
20	48	0.0048905
20	49	0.0150843
20	50	0.0174892
20	51	0.0159367
20	52	0.018835
20	53	0.0129988
20	54	0.0124426
20	55	0.0121535
20	56	0.0199504
20	57	0.0205148
20	58	0.0134396
20	60	0.0120942
20	61	0.00472824
20	63	0.0125214
20	64	0.0150913
20	65	0.0100614
20	66	0.00816356
20	67	0.00987154
20	68	0.017466
20	70	0.029115
20	71	0.0112579
20	72	0.0105864
20	73	0.0186097
20	74	0.0185001
20	75	0.0082758
20	76	0.0134962
20	77	0.0109522
21	21	13.3863
21	22	0.238992
21	23	0.0189255
21	24	0.0176098
21	25	0.0138372
21	26	0.0178813
21	27	0.0184687
21	28	0.0151401
21	30	0.0148545
21	31	0
21	32	0.0227956
21	33	0.0077512
21	34	0.0183926
21	35	0.0125115
21	36	0.0143134
21	38	0
21	39	0.0166069
21	40	0.0115424
21	41	0.0145897
21	42	0.0146019
21	43	0.0170393
21	44	0.0167981
21	45	0.0145717
21	46	0.0108029
21	47	0.0146307
21	48	0.0161288
21	49	0.0162057
21	50	0.0144197
21	51	0.016172
21	52	0.0201306
21	53	0.0159571
21	54	0.0191499
21	55	0.015508
21	56	0.0171344
21	57	0.0104088
21	58	0.0156979
21	59	0
21	60	0.0174504
21	61	0.0129947
21	63	0.0132735
21	64	0.0169673
21	65	0.015439
21	66	0.0215386
21	67	0.0158905
21	68	0.0183281
21	69	0
21	70	0.0182896
21	71	0.0108291
21	72	0.0128848
21	73	0.0173894
21	74	0.0203377
21	75	0.0257771
21	76	0.0148367
21	77	0.021672
22	22	19.3697
22	23	0.0158106
22	24	0.0128036
22	25	0.0149973
22	26	0.0178505
22	27	0.0168144
22	28	0.0165918
22	30	0.0131941
22	31	0
22	32	0.0172947
22	33	0.0264633
22	34	0.013071
22	35	0.0124587
22	36	0.0115834
22	39	0.0176393
22	40	0.0131357
22	41	0.0145281
22	42	0.0131555
22	43	0.0187226
22	44	0.00804917
22	45	0.0193469
22	46	0.0149019
22	47	0.0136066
22	48	0.0163156
22	49	0.0148685
22	50	0.0118997
22	51	0.0122695
22	52	0.0192001
22	53	0.0130099
22	54	0.0191988
22	55	0.0123087
22	56	0.0129996
22	57	0.00921323
22	58	0.0168139
22	59	0
22	60	0.0176525
22	61	0.0147884
22	63	0.0156651
22	64	0.0143032
22	65	0.0125875
22	66	0.0156602
22	67	0.0211714
22	68	0.0158917
22	69	0
22	70	0.0164779
22	71	0.0152582
22	72	0.0189205
22	73	0.0240581
22	74	0.0154299
22	75	0.0149552
22	76	0.0120604
22	77	0.0155288
23	23	11.2472
23	24	0.335921
23	25	0.021643
23	26	0.0199436
23	27	0.0169596
23	28	0.0193097
23	30	0.0172749
23	31	0
23	32	0.0125799
23	33	0.0136881
23	34	0.0145955
23	35	0.0162257
23	36	0.0147447
23	38	0
23	39	0.0124639
23	40	0.00764372
23	41	0.0136874
23	42	0.0120872
23	43	0.0202332
23	44	0.0132709
23	45	0.0156809
23	46	0.0199444
23	47	0.00958468
23	48	0.0213618
23	49	0.0179696
23	50	0.0140724
23	51	0.0181467
23	52	0.0198061
23	53	0.0105146
23	54	0.0135874
23	55	0.0160103
23	56	0.014524
23	57	0.0153178
23	58	0.0167145
23	60	0.013207
23	61	0.0154898
23	62	0
23	63	0.0164949
23	64	0.0159804
23	65	0.0156668
23	66	0.0182255
23	67	0.0140308
23	68	0.0177244
23	69	0
23	70	0.0191772
23	71	0.0129767
23	72	0.0132119
23	73	0.0153543
23	74	0.0134681
23	75	0.0160662
23	76	0.0154397
23	77	0.0127571
24	24	18.6322
24	25	0.0228857
24	26	0.0207881
24	27	0.0101284
24	28	0.0192198
24	30	0.0132461
24	32	0.0173628
24	33	0.0177117
24	34	0.0191518
24	35	0.0119122
24	36	0.0188971
24	38	0
24	39	0.0164438
24	40	0.0131874
24	41	0.0118071
24	42	0.0152926
24	43	0.0125309
24	44	0.021549
24	45	0.0145673
24	46	0.0119685
24	47	0.0129413
24	48	0.0204748
24	49	0.020094
24	50	0.0158003
24	51	0.0153973
24	52	0.0175234
24	53	0.0232198
24	54	0.014586
24	55	0.0156282
24	56	0.0177491
24	57	0.0171777
24	58	0.0182868
24	59	0
24	60	0.0113927
24	61	0.017816
24	63	0.0146035
24	64	0.0172314
24	65	0.0179026
24	66	0.0191397
24	67	0.0165315
24	68	0.0166191
24	69	0
24	70	0.0156721
24	71	0.0164966
24	72	0.015196
24	73	0.0140242
24	74	0.0121713
24	75	0.0184789
24	76	0.0161439
24	77	0.0174241
25	25	23.239
25	26	0.228653
25	27	0.0194038
25	28	0.0165694
25	30	0.0172481
25	32	0.00467766
25	33	0.0095433
25	34	0.0187275
25	35	0.0179716
25	36	0.0140982
25	39	0.0218096
25	40	0.0142111
25	41	0.0127237
25	42	0.0119853
25	43	0.0135036
25	44	0.015965
25	45	0.0171932
25	46	0.0177341
25	47	0.0131711
25	48	0.0154449
25	49	0.0154671
25	50	0.0182727
25	51	0.0232295
25	52	0.0122744
25	53	0.0164209
25	54	0.0117887
25	55	0.0160581
25	56	0.0180018
25	57	0.0142393
25	58	0.0144008
25	59	0
25	60	0.0286466
25	61	0.0138659
25	62	0
25	63	0.0177547
25	64	0.0148552
25	65	0.0185357
25	66	0.0154691
25	67	0.0133611
25	68	0.0222074
25	69	0
25	70	0.0131357
25	71	0.0241261
25	72	0.0156933
25	73	0.0193109
25	74	0.0143085
25	75	0.0136904
25	76	0.0113081
25	77	0.0158119
26	26	25.0086
26	27	0.0230952
26	28	0.00821734
26	30	0.0141582
26	31	0
26	32	0.0111351
26	33	0.0151451
26	34	0.0136471
26	35	0.015279
26	36	0.00932238
26	39	0.0137906
26	40	0.0169147
26	41	0.0133626
26	42	0.0178317
26	43	0.0183687
26	44	0.0172747
26	45	0.0115667
26	46	0.0057567
26	47	0.0175211
26	48	0.00262618
26	49	0.0162004
26	50	0.0187832
26	51	0.0177742
26	52	0.0280952
26	53	0.0130299
26	54	0.0126951
26	55	0.0153837
26	56	0.00937411
26	57	0.0110164
26	58	0.00992339
26	59	0
26	60	0.0129891
26	61	0.0177733
26	62	0
26	63	0.0100859
26	64	0.0110508
26	65	0.0189103
26	66	0.0113979
26	67	0.0219612
26	68	0.0136424
26	69	0
26	70	0.0145179
26	71	0.0151136
26	72	0.0178667
26	73	0.0199866
26	74	0.0241266
26	75	0.020739
26	76	0.0196715
26	77	0.0199963
27	27	54.9895
27	28	0.668254
27	30	0.0122251
27	31	0
27	33	0.0178326
27	34	0.012855
27	35	0.0131928
27	36	0.0117084
27	38	0
27	39	0.0178296
27	40	0.00885162
27	41	0.0069928
27	42	0.0167968
27	43	0.0162211
27	44	0.01356
27	45	0.016762
27	46	0.0180752
27	47	0.0173728
27	48	0.0123687
27	49	0.0127168
27	50	0.0124161
27	51	0.0155024
27	52	0.0194073
27	53	0.015342
27	54	0.0125877
27	55	0.015369
27	56	0.0126143
27	57	0.0319291
27	58	0.0141628
27	60	0.022941
27	61	0.0239168
27	62	0
27	63	0.0165882
27	64	0.0196622
27	65	0.0141371
27	66	0.0165174
27	67	0.0130777
27	68	0.0147246
27	69	0
27	70	0.0192856
27	71	0.0189819
27	72	0.0127498
27	73	0.0172577
27	74	0.0178245
27	75	0.0279075
27	76	0.0162541
27	77	0.0184664
28	28	63.148
28	30	0.00885764
28	31	0
28	33	0.00676789
28	34	0.0170757
28	35	0.0245798
28	36	0.0149972
28	39	0.0130502
28	40	0.0100782
28	41	0.0191083
28	42	0.0254991
28	43	0.0143647
28	44	0.0247025
28	45	0.0222655
28	46	0.00342999
28	47	0.0131868
28	48	0.00469423
28	49	0.019744
28	50	0.0150202
28	51	0.0211807
28	52	0.0120527
28	53	0.017468
28	54	0.0155263
28	55	0.0141656
28	56	0.0203466
28	57	0.00908838
28	58	0.0129003
28	59	0
28	60	0.00290222
28	61	0.0249617
28	62	0
28	63	0.0163113
28	64	0.0184362
28	65	0.0169009
28	66	0.025075
28	67	0.0148899
28	68	0.016765
28	69	0
28	70	0.0239542
28	71	0.0135077
28	72	0.0145165
28	73	0.0178628
28	74	0.0202945
28	75	0.0105916
28	76	0.0203571
28	77	0.0147177
30	30	27.1022
30	31	0
30	32	0.0214335
30	33	0.0204066
30	34	0.0105075
30	35	0.014705
30	36	0.018662
30	38	0
30	39	0.0187376
30	40	0.0130233
30	41	0.0240064
30	42	0.0157889
30	43	0.0203303
30	44	0.0172907
30	45	0.0171263
30	46	0.0103421
30	47	0.0099402
30	48	0.0202201
30	49	0.0158752
30	50	0.0137008
30	51	0.0101371
30	52	0.0138443
30	53	0.0168399
30	54	0.0138901
30	55	0.0179463
30	56	0.0170128
30	57	0.0228361
30	58	0.020143
30	59	0
30	60	0.0137512
30	61	0.0156394
30	63	0.0147916
30	64	0.0158826
30	65	0.0149065
30	66	0.012826
30	67	0.0174919
30	68	0.00853441
30	69	0
30	70	0.0180567
30	71	0.0151277
30	72	0.0250115
30	73	0.0169274
30	74	0.0109271
30	75	0.0205301
30	76	0.0111601
30	77	0.0126791
31	31	0
31	34	0
31	35	0
31	36	0
31	39	0
31	41	0
31	42	0
31	46	0
31	49	0
31	52	0
31	54	0
31	55	0
31	58	0
31	60	0
31	61	0
31	63	0
31	64	0
31	65	0
31	67	0
31	70	0
31	72	0
32	32	189.876
32	33	6.4197
32	34	0.00826388
32	35	0.00925206
32	36	0.0282254
32	38	0
32	39	0.0147366
32	40	0.0341417
32	41	0.0215776
32	42	0.00539893
32	43	0.0208556
32	44	0.0418422
32	45	0.0161633
32	46	0.0116197
32	47	0.0223363
32	48	0.0159026
32	50	0.0149658
32	51	0.0199315
32	52	0.0204154
32	53	0.0225433
32	54	0.016184
32	55	0.01976
32	56	0.00810916
32	57	0.0153943
32	58	0.0109255
32	60	0.0294954
32	61	0.00768748
32	63	0.0116332
32	64	0.0178446
32	65	0.019085
32	66	0.0265457
32	67	0.00917131
32	68	0.00516315
32	70	0.0135249
32	71	0.0183039
32	73	0.0242055
32	74	0.00859391
32	75	0.0179404
32	76	0.031347
33	33	152.631
33	34	0.0168599
33	35	0.0251679
33	36	0.00383901
33	38	0
33	39	0.016703
33	41	0.0110056
33	42	0.0110148
33	43	0.0283662
33	44	0.0142276
33	45	0.010992
33	46	0.0158043
33	47	0.0151901
33	48	0.0216295
33	49	0.00303246
33	50	0.0183198
33	51	0.0216875
33	52	0.0138837
33	53	0.0210799
33	54	0.0110062
33	55	0.0095986
33	56	0.0165442
33	57	0.0209382
33	58	0.0297201
33	60	0.00668624
33	61	0.0261398
33	63	0.00988912
33	64	0.00910159
33	65	0.0185414
33	66	0.0180527
33	67	0.0187112
33	68	0.0175563
33	70	0.00459888
33	71	0.0186717
33	72	0.0234106
33	73	0.0205765
33	74	0.029222
33	75	0.0061003
33	76	0.0213179
33	77	0.0193755
34	34	13.9453
34	35	0.0585862
34	36	0.0184495
34	39	0.0152516
34	40	0.0111584
34	41	0.0158672
34	42	0.0158805
34	43	0.0124962
34	44	0.0196579
34	45	0.0167281
34	46	0.0151905
34	47	0.0155126
34	48	0.0168914
34	49	0.0182168
34	50	0.0178528
34	51	0.016611
34	52	0.0216848
34	53	0.0207216
34	54	0.0165292
34	55	0.0140694
34	56	0.0155704
34	57	0.0176093
34	58	0.0156219
34	59	0
34	60	0.0184763
34	61	0.0232403
34	62	0
34	63	0.0144952
34	64	0.0167672
34	65	0.0175985
34	66	0.0156164
34	67	0.0179845
34	68	0.01814
34	69	0
34	70	0.0160235
34	71	0.0157032
34	72	0.0140633
34	73	0.0173052
34	74	0.0154479
34	75	0.0153914
34	76	0.0158797
34	77	0.0168771
35	35	24.3653
35	36	0.0178155
35	39	0.0128065
35	40	0.0140543
35	41	0.0096225
35	42	0.0170387
35	43	0.0200319
35	44	0.0129181
35	45	0.0199606
35	46	0.015944
35	47	0.0130257
35	48	0.0196386
35	49	0.0165201
35	50	0.0188924
35	51	0.0103926
35	52	0.0214766
35	53	0.0185596
35	54	0.0144345
35	55	0.0158809
35	56	0.0189158
35	57	0.0161945
35	58	0.0172401
35	59	0
35	60	0.0134907
35	61	0.0137129
35	62	0
35	63	0.0143662
35	64	0.0171398
35	65	0.00972674
35	66	0.0160268
35	67	0.0188766
35	68	0.0134607
35	69	0
35	70	0.0157744
35	71	0.0175809
35	72	0.0175444
35	73	0.0174371
35	74	0.0141505
35	75	0.00861592
35	76	0.0129038
35	77	0.0244335
36	36	31.3936
36	38	0
36	39	0.0205627
36	40	0.00571674
36	41	0.0162584
36	42	0.0226001
36	43	0.0116403
36	44	0.0140122
36	45	0.00992347
36	46	0.0272387
36	47	0.0168301
36	48	0.0186392
36	49	0.016426
36	50	0.0120283
36	51	0.0133494
36	52	0.0102551
36	53	0.0184015
36	54	0.0155818
36	55	0.0226878
36	56	0.021046
36	57	0.0154658
36	58	0.026526
36	59	0
36	60	0.0148163
36	61	0.0180208
36	62	0
36	63	0.0131482
36	64	0.0171806
36	65	0.0178041
36	66	0.0115566
36	67	0.0138209
36	68	0.0138324
36	69	0
36	70	0.0203816
36	71	0.00459724
36	72	0.0107046
36	73	0.0101325
36	74	0.0172677
36	75	0.0105139
36	76	0.00944782
36	77	0.0250453
38	38	0
38	39	0
38	43	0
38	45	0
38	46	0
38	49	0
38	50	0
38	51	0
38	54	0
38	55	0
38	56	0
38	58	0
38	63	0
38	64	0
38	65	0
38	66	0
38	67	0
38	70	0
38	72	0
38	73	0
38	74	0
38	75	0
38	76	0
39	39	28.82
39	40	2.07439
39	41	0.0149337
39	42	0.0125862
39	43	0.0141807
39	44	0.0182896
39	45	0.0180553
39	46	0.0135442
39	47	0.0138315
39	48	0.00926822
39	49	0.0227397
39	50	0.0143917
39	51	0.0162629
39	52	0.0109068
39	53	0.0127279
39	54	0.0112008
39	55	0.0185085
39	56	0.0183137
39	57	0.0104673
39	58	0.0167147
39	59	0
39	60	0.0171903
39	61	0.0190415
39	62	0
39	63	0.0194924
39	64	0.0182001
39	65	0.0146982
39	66	0.0232067
39	67	0.0173717
39	68	0.0127889
39	69	0
39	70	0.012809
39	71	0.0186685
39	72	0.0100314
39	73	0.00969873
39	74	0.0187824
39	75	0.0222188
39	76	0.0118751
39	77	0.0145292
40	40	163.644
40	41	0.0109258
40	42	0.0273373
40	43	0.0140802
40	45	0.0109123
40	46	0.0235344
40	47	0.0226199
40	49	0.0090314
40	50	0.0242492
40	51	0.0161476
40	52	0.013783
40	53	0.0114147
40	54	0.0122921
40	55	0.0142935
40	56	0.0205302
40	57	0.0259828
40	58	0.00553209
40	60	0.049783
40	63	0.00883565
40	64	0.00451778
40	65	0.0165662
40	66	0.0376357
40	67	0.00464386
40	68	0.0156861
40	69	0
40	71	0.0556086
40	72	0.0149405
40	73	0.0183845
40	74	0.026109
40	76	0.00634899
40	77	0.0144262
41	41	33.4906
41	42	0.547687
41	43	0.0166851
41	44	0.0184112
41	45	0.0155173
41	46	0.0204515
41	47	0.0187632
41	48	0.015267
41	49	0.00856178
41	50	0.0172412
41	51	0.0165836
41	52	0.0185106
41	53	0.0157809
41	54	0.0220111
41	55	0.018067
41	56	0.0168677
41	57	0.0180633
41	58	0.0227259
41	59	0
41	60	0.0188778
41	61	0.0123004
41	63	0.0144257
41	64	0.0171315
41	65	0.0191947
41	66	0.0144414
41	67	0.0146746
41	68	0.018175
41	69	0
41	70	0.0205586
41	71	0.0234298
41	72	0.0157373
41	73	0.0135556
41	74	0.00825046
41	75	0.0157882
41	76	0.0120377
41	77	0.0148157
42	42	32.6346
42	43	0.0100194
42	44	0.0100509
42	45	0.0181187
42	46	0.0130255
42	47	0.00536541
42	48	0.0229197
42	49	0.0199942
42	50	0.0186936
42	51	0.0153208
42	52	0.0185261
42	53	0.013989
42	54	0.018142
42	55	0.0189862
42	56	0.0162325
42	57	0.0189002
42	58	0.0192457
42	59	0
42	60	0.0141702
42	61	0.0221593
42	62	0
42	63	0.0102462
42	64	0.019289
42	65	0.0192108
42	66	0.0153037
42	67	0.0124839
42	68	0.0124024
42	69	0
42	70	0.017327
42	71	0.0146559
42	72	0.0126004
42	73	0.0222885
42	74	0.0192672
42	75	0.0100554
42	76	0.0200797
42	77	0.0136875
43	43	43.4893
43	44	0.970645
43	45	0.0177755
43	46	0.00958406
43	47	0.0115145
43	48	0.00983744
43	49	0.021148
43	50	0.0148127
43	51	0.0180837
43	52	0.018242
43	53	0.0139454
43	54	0.0158516
43	55	0.014552
43	56	0.0158852
43	57	0.0137555
43	58	0.00901145
43	59	0
43	60	0.0182461
43	61	0.0206073
43	63	0.0161919
43	64	0.0174781
43	65	0.0140549
43	66	0.0142318
43	67	0.0151292
43	68	0.0149052
43	69	0
43	70	0.0139443
43	71	0.0132101
43	72	0.0182529
43	73	0.0174693
43	74	0.0177208
43	75	0.0110981
43	76	0.0193915
43	77	0.020562
44	44	70.9984
44	45	0.0117018
44	46	0.00721062
44	47	0.0121282
44	48	0.0197367
44	49	0.0138355
44	50	0.0139305
44	51	0.0185527
44	52	0.0105573
44	53	0.0227325
44	54	0.0175752
44	55	0.0148897
44	56	0.0113223
44	57	0.0191058
44	58	0.0254243
44	60	0.0183034
44	61	0.0143114
44	62	0
44	63	0.0198522
44	64	0.00692092
44	65	0.0109972
44	66	0.0197675
44	67	0.0213422
44	68	0.012816
44	69	0
44	70	0.0167857
44	71	0.00567923
44	72	0.0183102
44	73	0.0150207
44	74	0.0106659
44	75	0.0278323
44	76	0.00778095
44	77	0.00883996
45	45	32.7442
45	46	1.04545
45	47	0.0160629
45	48	0.0152482
45	49	0.0178151
45	50	0.0210466
45	51	0.0114668
45	52	0.0163128
45	53	0.0198143
45	54	0.0148715
45	55	0.0166913
45	56	0.0110153
45	57	0.0139408
45	58	0.0122219
45	59	0
45	60	0.0157121
45	61	0.0122853
45	63	0.0185909
45	64	0.0163974
45	65	0.0174282
45	66	0.0169689
45	67	0.0175878
45	68	0.0132019
45	69	0
45	70	0.0205332
45	71	0.0190133
45	72	0.0196474
45	73	0.0203083
45	74	0.0137338
45	75	0.0114681
45	76	0.0170324
45	77	0.0193505
46	46	69.632
46	47	0.0134722
46	48	0.0438476
46	49	0.0153686
46	50	0.0165058
46	51	0.0178608
46	52	0.021109
46	53	0.0106834
46	54	0.0195229
46	55	0.0194584
46	56	0.0209616
46	57	0.0176859
46	58	0.0112967
46	60	0.016943
46	61	0.0158973
46	63	0.0130308
46	64	0.0169133
46	65	0.0122159
46	66	0.010979
46	67	0.0221267
46	68	0.0142362
46	69	0
46	70	0.0116536
46	71	0.00630858
46	72	0.0135595
46	73	0.0166852
46	74	0.0118478
46	75	0.0154583
46	76	0.0194472
46	77	0.0147294
47	47	27.2634
47	48	1.74106
47	49	0.0199414
47	50	0.0109068
47	51	0.0171667
47	52	0.0191615
47	53	0.0144688
47	54	0.018094
47	55	0.00794845
47	56	0.0188039
47	57	0.0127489
47	58	0.0208105
47	59	0
47	60	0.0146561
47	61	0.00763976
47	63	0.0139695
47	64	0.0177338
47	65	0.0121927
47	66	0.0123111
47	67	0.0182287
47	68	0.0102622
47	69	0
47	70	0.0100807
47	71	0.0136427
47	72	0.0146616
47	73	0.0210483
47	74	0.0128108
47	75	0.0163433
47	76	0.0186915
47	77	0.0153367
48	48	86.9157
48	49	0.0189299
48	50	0.0169422
48	51	0.0131622
48	52	0.0128397
48	53	0.0186086
48	54	0.0114509
48	55	0.0239674
48	56	0.0133876
48	57	0.0193637
48	58	0.00257674
48	60	0.0185504
48	61	0.00725227
48	63	0.0205774
48	64	0.0168344
48	65	0.0218626
48	66	0.0250428
48	67	0.00216302
48	68	0.0121771
48	69	0
48	70	0.0191388
48	71	0.0215845
48	72	0.020877
48	73	0.00856316
48	74	0.0121611
48	75	0.00846238
48	76	0.0295724
48	77	0.0167986
49	49	21.7485
49	50	0.189629
49	51	0.0216169
49	52	0.0198015
49	53	0.0134174
49	54	0.0219407
49	55	0.0194148
49	56	0.0193058
49	57	0.0190036
49	58	0.0122829
49	59	0
49	60	0.0130039
49	61	0.0111845
49	63	0.0157711
49	64	0.0165213
49	65	0.0144242
49	66	0.0133419
49	67	0.0218345
49	68	0.00887764
49	69	0
49	70	0.0134163
49	71	0.0121047
49	72	0.0247166
49	73	0.012806
49	74	0.0193232
49	75	0.0213557
49	76	0.0132674
49	77	0.0094207
50	50	13.273
50	51	0.0148642
50	52	0.0145
50	53	0.0120085
50	54	0.0129316
50	55	0.0142852
50	56	0.0187185
50	57	0.0132117
50	58	0.0106698
50	60	0.0157118
50	61	0.0156976
50	62	0
50	63	0.0136847
50	64	0.0158427
50	65	0.013071
50	66	0.01744
50	67	0.0170991
50	68	0.0174189
50	69	0
50	70	0.0162102
50	71	0.0195005
50	72	0.0144079
50	73	0.0155802
50	74	0.0251783
50	75	0.0207061
50	76	0.0161416
50	77	0.0151767
51	51	19.9042
51	52	0.490827
51	53	0.0186585
51	54	0.0191359
51	55	0.01769
51	56	0.0210941
51	57	0.0175954
51	58	0.0174396
51	60	0.00930006
51	61	0.00999861
51	62	0
51	63	0.0140989
51	64	0.0179345
51	65	0.0145067
51	66	0.0144382
51	67	0.0162662
51	68	0.0183147
51	69	0
51	70	0.013593
51	71	0.0119033
51	72	0.0122109
51	73	0.0114482
51	74	0.00812912
51	75	0.0169701
51	76	0.0192736
51	77	0.0176859
52	52	36.3115
52	53	0.0142199
52	54	0.0187838
52	55	0.0142448
52	56	0.0147315
52	57	0.0145009
52	58	0.0132319
52	59	0
52	60	0.0039691
52	61	0.0155172
52	63	0.0181982
52	64	0.0180097
52	65	0.0176105
52	66	0.021433
52	67	0.0185123
52	68	0.0187593
52	69	0
52	70	0.012285
52	71	0.0129312
52	72	0.0089338
52	73	0.00977174
52	74	0.0138774
52	75	0.0162957
52	76	0.0151857
52	77	0.0172526
53	53	14.3124
53	54	0.280012
53	55	0.0132128
53	56	0.0145725
53	57	0.0210162
53	58	0.0155242
53	59	0
53	60	0.0164355
53	61	0.0134934
53	62	0
53	63	0.0155574
53	64	0.0167795
53	65	0.0152682
53	66	0.0115376
53	67	0.0126484
53	68	0.0159674
53	69	0
53	70	0.0169568
53	71	0.0198887
53	72	0.0152085
53	73	0.0171969
53	74	0.016521
53	75	0.021743
53	76	0.0167685
53	77	0.0154788
54	54	22.2898
54	55	0.011857
54	56	0.0141112
54	57	0.0190906
54	58	0.019012
54	59	0
54	60	0.00943936
54	61	0.0101484
54	62	0
54	63	0.0146591
54	64	0.0171323
54	65	0.017996
54	66	0.0146545
54	67	0.0148588
54	68	0.0136319
54	69	0
54	70	0.0251585
54	71	0.0186716
54	72	0.0177054
54	73	0.0203344
54	74	0.0175331
54	75	0.0183008
54	76	0.0120383
54	77	0.0119672
55	55	14.5122
55	56	0.212181
55	57	0.0180455
55	58	0.0155515
55	59	0
55	60	0.0156411
55	61	0.0141608
55	62	0
55	63	0.0172894
55	64	0.016809
55	65	0.0143819
55	66	0.0177814
55	67	0.0165102
55	68	0.0159955
55	69	0
55	70	0.0209501
55	71	0.0145596
55	72	0.015647
55	73	0.0152004
55	74	0.0172696
55	75	0.0172748
55	76	0.0162731
55	77	0.0125241
56	56	21.0516
56	57	0.0160454
56	58	0.0164244
56	59	0
56	60	0.014189
56	61	0.0120189
56	62	0
56	63	0.0139906
56	64	0.0101939
56	65	0.0160667
56	66	0.0159625
56	67	0.0148903
56	68	0.00807228
56	69	0
56	70	0.0276516
56	71	0.0242144
56	72	0.0159686
56	73	0.0174664
56	74	0.0155031
56	75	0.0129456
56	76	0.0150798
56	77	0.0119925
57	57	29.4191
57	58	0.417393
57	59	0
57	60	0.0194539
57	61	0.0128709
57	62	0
57	63	0.0159357
57	64	0.0196914
57	65	0.0149392
57	66	0.0210101
57	67	0.0146572
57	68	0.0149313
57	69	0
57	70	0.00823424
57	71	0.0139298
57	72	0.0194612
57	73	0.0119737
57	74	0.0156965
57	75	0.0150185
57	76	0.0114509
57	77	0.0173458
58	58	32.4786
58	59	0
58	60	0.0175238
58	61	0.00996501
58	63	0.011781
58	64	0.0115657
58	65	0.0167873
58	66	0.0103231
58	67	0.0141175
58	68	0.020915
58	69	0
58	70	0.0273934
58	71	0.0163121
58	72	0.0215146
58	73	0.0186299
58	74	0.0181025
58	75	0.0101743
58	76	0.0152378
58	77	0.0150034
59	59	0
59	61	0
59	63	0
59	64	0
59	65	0
59	66	0
59	67	0
59	68	0
59	70	0
59	71	0
59	72	0
59	73	0
59	75	0
59	77	0
60	60	56.4868
60	61	0.838458
60	62	0
60	63	0.0195071
60	64	0.0195148
60	65	0.0143117
60	66	0.0123862
60	67	0.0160475
60	68	0.0150571
60	69	0
60	70	0.00986049
60	71	0.0133447
60	72	0.0186438
60	73	0.0141179
60	74	0.0025062
60	75	0.0156957
60	76	0.0274248
60	77	0.0124629
61	61	44.24
61	62	0
61	63	0.0145894
61	64	0.0244138
61	65	0.0230023
61	66	0.0205802
61	67	0.0125475
61	68	0.0211916
61	69	0
61	70	0.0138778
61	71	0.00834737
61	72	0.0123349
61	73	0.0234573
61	74	0.00979799
61	75	0.00818162
61	76	0.0243026
61	77	0.00974477
62	62	0
62	63	0
62	64	0
62	65	0
62	66	0
62	67	0
62	68	0
62	70	0
62	71	0
62	72	0
62	74	0
62	75	0
62	76	0
63	63	15.4436
63	64	0.238215
63	65	0.0171691
63	66	0.0119077
63	67	0.0166143
63	68	0.0209336
63	69	0
63	70	0.0134172
63	71	0.0126318
63	72	0.0173932
63	73	0.0167045
63	74	0.0140856
63	75	0.0154762
63	76	0.0113574
63	77	0.0215052
64	64	23.6683
64	65	0.0165955
64	66	0.0140505
64	67	0.0139562
64	68	0.012981
64	69	0
64	70	0.010738
64	71	0.0121102
64	72	0.0214743
64	73	0.0152141
64	74	0.0159206
64	75	0.0130567
64	76	0.0116143
64	77	0.0169651
65	65	14.2027
65	66	0.24344
65	67	0.0181712
65	68	0.0150315
65	69	0
65	70	0.0153125
65	71	0.0207232
65	72	0.0139193
65	73	0.0107662
65	74	0.0166797
65	75	0.0188609
65	76	0.0152101
65	77	0.0115202
66	66	25.7299
66	67	0.0166091
66	68	0.0178877
66	69	0
66	70	0.0159739
66	71	0.020177
66	72	0.021684
66	73	0.0152472
66	74	0.0135334
66	75	0.0169512
66	76	0.0157966
66	77	0.0134599
67	67	23.0299
67	68	0.304788
67	69	0
67	70	0.0128773
67	71	0.0186723
67	72	0.0167224
67	73	0.0074078
67	74	0.0105203
67	75	0.0134211
67	76	0.0204659
67	77	0.0232514
68	68	26.1119
68	69	0
68	70	0.0227841
68	71	0.00981111
68	72	0.0210878
68	73	0.0176082
68	74	0.0118451
68	75	0.0192326
68	76	0.0240034
68	77	0.0218163
69	69	0
69	70	0
69	71	0
69	72	0
69	74	0
69	75	0
69	76	0
69	77	0
70	70	41.572
70	71	1.11245
70	72	0.0138098
70	73	0.00849663
70	74	0.0137904
70	75	0.0179928
70	76	0.0188631
70	77	0.0171443
71	71	49.31
71	72	0.0160196
71	73	0.0180697
71	74	0.0116645
71	75	0.0146103
71	76	0.0187208
71	77	0.0212688
72	72	23.9963
72	73	0.513729
72	74	0.0200571
72	75	0.0157015
72	76	0.016461
72	77	0.0114286
73	73	29.1398
73	74	0.0138829
73	75	0.0241513
73	76	0.00787717
73	77	0.0140631
74	74	46.4769
74	75	0.416157
74	76	0.00958872
74	77	0.0181563
75	75	45.5024
75	76	0.016681
75	77	0.0208464
76	76	31.7113
76	77	0.423851
77	77	38.4057
