1	1	216.885
1	2	6.3762
1	3	0.0258245
1	4	0.0186302
1	5	0.016724
1	6	0.0129513
1	7	0.0290651
1	8	0.0189298
1	11	0.0150142
1	12	0.0223167
1	14	0.00625353
1	15	0.0161753
1	16	0.0144785
1	21	0
1	22	0.00641004
1	23	0.00559876
1	24	0.0067793
1	26	0.0142464
1	27	0.00595561
1	28	0.014298
1	31	0.0074512
1	32	0.0059662
1	33	0.00565599
1	35	0.0252399
1	36	0.0138461
1	37	0.0117155
1	39	0.00735215
1	40	0.0104199
1	41	0.00647185
1	42	0.00660306
1	43	0
1	44	0.00768087
1	45	0.0120093
1	46	0.0090238
1	49	0.0135786
1	50	0.0120962
1	53	0.0209063
1	54	0.0106719
1	57	0.0229416
1	66	0.00991744
1	70	0.00838676
1	75	0.00783215
1	76	0.00697811
1	77	0
1	78	0.019892
1	81	0.00923389
1	82	0.0185462
1	83	0.0140338
1	84	0.0110537
1	86	0.0169247
1	90	0
1	95	0.0229986
1	97	0.0577359
1	98	0.00963027
1	100	0.0280535
1	103	0.00833299
1	104	0.0050785
1	105	0
1	107	0.0176339
1	108	0.033431
1	110	0.00652063
1	112	0.030029
1	113	0.00836397
1	116	0.0263989
1	117	0.00865714
1	120	0.0101351
1	121	0.00821502
1	122	0.00826524
1	123	0
1	124	0.00559917
1	125	0.0159223
1	126	0.00796403
1	130	0.0115003
1	131	0.0109153
1	132	0
1	141	0.0269366
1	142	0.0276012
1	145	0.00338726
1	146	0.00338232
1	147	0.00727503
1	148	0.00795643
2	2	310.968
2	3	5.66932
2	4	0.0568047
2	5	0.020397
2	6	0.00789787
2	7	0.0265865
2	8	0.0230874
2	11	0.00915588
2	12	0.0181454
2	13	0.0085009
2	22	0.0234536
2	23	0.0068284
2	24	0.0165365
2	25	0.0141975
2	27	0.00726362
2	30	0.00922897
2	33	0.0137964
2	35	0.0153917
2	36	0.00844356
2	38	0.00683339
2	40	0.0084723
2	41	0.00789325
2	42	0.0120799
2	43	0
2	44	0.00562068
2	45	0.0183085
2	46	0.01284
2	47	0
2	48	0.0128613
2	49	0.0165609
2	52	0.0201439
2	54	0.0130158
2	58	0.0133507
2	59	0
2	65	0.0398901
2	66	0.0241912
2	70	0.0204574
2	76	0.0255321
2	77	0
2	78	0.0161739
2	79	0.0322663
2	80	0.0157396
2	81	0.0112619
2	82	0.0301593
2	85	0
2	88	0.0245462
2	98	0.0234907
2	99	0.0110029
2	100	0.0228099
2	101	0
2	102	0.00699685
2	103	0.0101631
2	104	0.0123878
2	106	0.0217974
2	115	0.0154383
2	116	0.00643936
2	117	0.0105585
2	120	0.00988887
2	121	0.00500963
2	122	0.0151208
2	124	0.0113815
2	125	0.00728221
2	126	0.0121414
2	129	0.0138709
2	130	0.0140261
2	137	0.016201
2	139	0.0152499
2	142	0.0336632
2	145	0.0041312
2	147	0.0221821
2	148	0.00485194
3	3	245.918
3	4	5.17805
3	5	0.0179816
3	6	0.0139252
3	7	0.0468761
3	8	0.0203533
3	10	0.011089
3	11	0.0242149
3	12	0.0159966
3	13	0.00749421
3	14	0.0268951
3	16	0.00778361
3	22	0.00689206
3	23	0.0120396
3	26	0.00765887
3	27	0.0128069
3	28	0.00768658
3	29	0.00918022
3	30	0.00813607
3	31	0.00801152
3	32	0.0256594
3	33	0.0243253
3	35	0.0203535
3	36	0.0148873
3	37	0.0125965
3	38	0.00602417
3	39	0.00790502
3	40	0.007469
3	41	0.0104378
3	42	0.0070996
3	44	0.00825846
3	45	0.00161404
3	46	0.00323412
3	47	0
3	48	0.0113382
3	49	0.0291994
3	50	0.0130059
3	55	0
3	57	0.0123334
3	58	0.00588487
3	66	0.0213264
3	69	0.00986278
3	75	0.0252633
3	79	0.00948177
3	80	0.00693786
3	81	0.00992827
3	82	0.00664695
3	83	0.0150891
3	84	0.0118849
3	88	0.0216394
3	96	0.0206985
3	98	0.0103545
3	102	0.00616828
3	103	0.00597308
3	104	0.0109208
3	105	0
3	106	0.0192161
3	107	0.01896
3	109	0
3	110	0.0140219
3	113	0.0269788
3	115	0.0226834
3	116	0.0056768
3	118	0.00809973
3	120	0.00653837
3	121	0.0154574
3	124	0.0140472
3	125	0.0106997
3	126	0.0149851
3	128	0.0122778
3	130	0.0123651
3	131	0.0352085
3	138	0.0235704
3	145	0.00364198
3	146	0.0145467
3	147	0.0078221
3	148	0.00855474
4	4	284.273
4	5	5.88614
4	6	0.0753439
4	7	0.0084543
4	8	0.0110124
4	12	0.00865516
4	16	0.00842284
4	22	0.0223742
4	23	0.00651415
4	24	0.0394386
4	25	0.00677205
4	26	0.0165757
4	27	0.00692934
4	29	0.00993414
4	30	0.00880424
4	31	0.00866946
4	33	0.0197422
4	34	0.0211613
4	36	0.00805497
4	38	0.0130378
4	39	0.00855422
4	40	0.00808239
4	41	0.00752999
4	43	0
4	44	0.00536201
4	45	0.0209591
4	46	0.0104992
4	47	0
4	48	0.0122694
4	52	0.00960844
4	53	0.0121622
4	55	0
4	58	0.0127363
4	65	0.00951356
4	66	0.0115389
4	67	0.0116659
4	68	0
4	69	0.0320183
4	76	0.0162381
4	77	0
4	78	0.0154296
4	79	0.0102605
4	81	0.0107436
4	82	0.00719283
4	84	0.00643049
4	91	0.0164691
4	98	0.0112048
4	99	0.0104965
4	102	0.0100123
4	103	0.00969542
4	104	0.00590883
4	105	0
4	107	0.020517
4	113	0.00973147
4	115	0.0147278
4	116	0.012286
4	117	0.00503629
4	118	0.0219123
4	120	0.0141507
4	121	0.0215059
4	122	0.0096166
4	124	0.00217154
4	125	0.0138941
4	126	0.00231653
4	128	0.0398583
4	140	0.0176174
4	143	0.0308496
4	144	0.0396284
4	145	0.00394108
4	146	0.0157413
4	147	0.0126967
4	148	0.0138859
5	5	225.381
5	6	2.5566
5	7	0.0151785
5	8	0.0197713
5	10	0.0215437
5	11	0.0078408
5	12	0.00776957
5	13	0.0072799
5	16	0.00756102
5	17	0
5	21	0
5	22	0.00669497
5	23	0.00584763
5	24	0.0141613
5	26	0.00743985
5	27	0.0124407
5	28	0.0224003
5	29	0.00891769
5	30	0.0079034
5	33	0.0118148
5	34	0.0126641
5	35	0.00659047
5	36	0.00723079
5	37	0.0122363
5	39	0.00767896
5	40	0.0108831
5	41	0.0135191
5	42	0.0103449
5	44	0.00962675
5	45	0.00940731
5	46	0.00785409
5	48	0.011014
5	53	0.0218356
5	54	0.0222926
5	58	0.00571657
5	64	0
5	66	0.0103583
5	67	0.0104723
5	68	0
5	70	0.00875955
5	74	0
5	75	0.0163606
5	78	0.00692541
5	79	0.0184212
5	80	0.00673946
5	81	0.028933
5	82	0.0129137
5	83	0.0219864
5	84	0.0115451
5	91	0.0443519
5	96	0.0201065
5	98	0.0402334
5	99	0.00942255
5	101	0
5	102	0.0119838
5	104	0.00795637
5	105	0
5	107	0.0184177
5	108	0.034917
5	111	0.0106329
5	115	0.0088139
5	116	0.00551446
5	117	0.00904196
5	118	0.0157362
5	120	0.00423426
5	121	0.00858018
5	122	0.0107908
5	124	0.00194935
5	125	0.00623625
5	126	0.012477
5	129	0.0118786
5	130	0.024023
5	133	0.0437365
5	134	0.0331398
5	142	0.0288281
5	146	0.00706534
5	147	0.0037992
5	148	0.00415505
6	6	139.188
6	7	3.47344
6	8	0.0306223
6	12	0.0180506
6	13	0.0112753
6	14	0.00505808
6	15	0.0065416
6	22	0.015554
6	23	0.0135855
6	26	0.011523
6	27	0.0144513
6	28	0.00578237
6	29	0.013812
6	30	0.0061205
6	31	0.00602681
6	32	0.00965138
6	33	0.00914956
6	34	0.00980723
6	35	0.0102075
6	37	0.00473796
6	38	0.00453179
6	39	0.0118934
6	40	0.00842804
6	41	0.0130867
6	42	0.0080112
6	44	0.0111826
6	45	0.00849934
6	46	0.00851525
6	47	0
6	48	0.00852938
6	50	0.0293517
6	51	0
6	52	0.00667957
6	57	0.00927801
6	58	0.00885399
6	59	0
6	62	0.0454822
6	63	0.032249
6	70	0.013567
6	75	0.00633493
6	79	0.0213985
6	82	0.0150009
6	83	0.00567552
6	84	0.00447033
6	91	0.0343467
6	92	0.0558902
6	94	0
6	96	0.0155708
6	97	0.0466989
6	99	0.0145939
6	102	0.0116005
6	103	0.00449335
6	104	0.00616153
6	105	0
6	109	0
6	110	0.00527413
6	111	0.0082343
6	112	0.0182164
6	116	0.0170819
6	117	0.00700222
6	118	0.00304658
6	120	0.00327907
6	121	0.00166115
6	122	0.0150418
6	123	0
6	124	0.00905763
6	125	0.00804907
6	126	0.0016104
6	130	0.00930186
6	131	0.00882874
6	132	0
6	134	0.0256639
6	136	0
6	138	0.00886563
6	140	0.0244944
6	145	0.010959
6	146	0.0136787
6	147	0.0117686
6	148	0.00643545
7	7	175.514
7	8	4.99955
7	11	0.00681339
7	13	0.0189779
7	14	0.00567565
7	15	0.00734029
7	17	0
7	21	0
7	22	0.0058177
7	23	0.00508139
7	25	0.00528256
7	26	0.00646497
7	27	0.0108105
7	28	0.0324418
7	30	0.00686778
7	32	0.00541488
7	33	0.0205333
7	35	0.0229076
7	36	0.0125666
7	38	0.0203404
7	39	0.0133455
7	41	0.0088107
7	42	0.00898932
7	43	0
7	44	0.00418266
7	45	0.00817462
7	46	0.00955491
7	47	0
7	49	0.0123238
7	51	0
7	53	0.0189744
7	54	0.00968577
7	67	0.00910003
7	69	0.0166507
7	70	0.00761175
7	75	0.00710839
7	76	0.0126666
7	78	0.00601795
7	79	0.0160074
7	80	0.0117127
7	82	0.00561079
7	83	0.0127369
7	84	0.0150484
7	85	0
7	96	0.0174719
7	97	0.0524006
7	100	0.00848705
7	102	0.00781011
7	103	0.0176469
7	104	0.00460921
7	105	0
7	106	0.0162206
7	110	0.00591807
7	111	0.00923966
7	112	0.00681352
7	113	0.0151821
7	116	0.00958375
7	117	0.0117857
7	118	0.00341855
7	119	0
7	120	0.012878
7	121	0.00745588
7	122	0.00937683
7	123	0
7	124	0.0169392
7	125	0.00541909
7	126	0.00542106
7	127	0
7	128	0.0103639
7	129	0.0206442
7	130	0.0104376
7	133	0.0190028
7	134	0.0143987
7	137	0.012056
7	138	0.00994807
7	140	0.0137425
7	141	0.0488949
7	144	0.0309123
7	145	0.0061485
7	146	0.0153488
7	147	0.00660276
7	148	0.00361059
8	8	253.365
8	12	0.00879437
8	13	0.0247203
8	14	0.014786
8	15	0.00956134
8	17	0
8	21	0
8	22	0.0151561
8	24	0.00801458
8	25	0.0137619
8	26	0.0168423
8	27	0.0211224
8	31	0.0264267
8	32	0.0141067
8	33	0.00668659
8	34	0.00716722
8	36	0.00818453
8	37	0.0277004
8	38	0.0132475
8	40	0.0123186
8	41	0.0114767
8	42	0.0156124
8	44	0.0127126
8	45	0.00709875
8	46	0.00533402
8	47	0
8	52	0.00976299
8	54	0.025233
8	65	0.00966659
8	66	0.0117245
8	69	0.0108444
8	75	0.00925927
8	76	0.00824962
8	79	0.0104255
8	80	0.00762839
8	81	0.0109164
8	83	0.00829546
8	85	0
8	87	0.0298675
8	88	0.0237932
8	95	0.0271893
8	98	0.011385
8	99	0.0213308
8	100	0.0110551
8	101	0
8	102	0.00678221
8	103	0.0229865
8	104	0.00900581
8	105	0
8	107	0.020847
8	110	0.0231263
8	111	0.0120354
8	112	0.00887517
8	116	0.0312091
8	117	0.0204692
8	118	0.00445295
8	120	0.0167746
8	121	0.00728393
8	122	0.00488564
8	123	0
8	124	0.00441294
8	125	0.00235294
8	126	0.00235379
8	129	0.0134454
8	130	0.0135958
8	134	0.0187555
8	137	0.015704
8	139	0.014782
8	140	0.0179008
8	145	0.0240268
8	146	0.00799726
8	148	0.0047031
10	10	270.59
10	11	6.60503
10	12	0.0287483
10	13	0.0538729
10	14	0.0241673
10	15	0.0104185
10	16	0.0186511
10	21	0
10	22	0.00825738
10	23	0.0144246
10	26	0.00917609
10	27	0.00767198
10	28	0.0184186
10	29	0.0109988
10	30	0.0292435
10	31	0.0095986
10	32	0.00768564
10	33	0.00728602
10	34	0.00780974
10	37	0.00754592
10	39	0.009471
10	40	0.00447431
10	41	0.0125055
10	42	0.00425302
10	43	0
10	44	0.0118734
10	45	0.00773513
10	46	0.0038748
10	53	0.0134657
10	54	0.0137475
10	58	0.021152
10	65	0.0105332
10	75	0.0100893
10	76	0.0179783
10	77	0
10	78	0.0341664
10	79	0.0113601
10	80	0.00831225
10	83	0.0180783
10	84	0.0284787
10	86	0.0218023
10	91	0.0182341
10	98	0.0124057
10	99	0.0116215
10	101	0
10	102	0.0221706
10	103	0.00715634
10	104	0.0130842
10	111	0.0131144
10	112	0.0193416
10	115	0.027177
10	116	0.00680138
10	117	0.00557605
10	118	0.00970429
10	120	0.00522241
10	121	0.00793691
10	122	0.00532362
10	123	0
10	124	0.0096171
10	125	0.00256387
10	126	0.0153888
10	127	0
10	128	0.01471
10	130	0.0148146
10	131	0.0140611
10	133	0.0269717
10	134	0.0204368
10	135	0.0393339
10	138	0.0141199
10	140	0.0195055
10	142	0.0355557
10	145	0.00436345
10	146	0.00435709
10	147	0.00937166
11	11	208.98
11	12	4.80595
11	13	0.0196069
11	14	0.0351826
11	15	0.0151672
11	16	0.0271521
11	17	0
11	21	0
11	22	0.00601052
11	23	0.0104996
11	24	0.00635677
11	25	0.00545764
11	27	0.00558441
11	29	0.024018
11	30	0.0212862
11	31	0.00698678
11	32	0.0223774
11	33	0.0318208
11	34	0.00568468
11	35	0.0059167
11	36	0.00649156
11	37	0.016478
11	38	0.0420291
11	39	0.0137878
11	40	0.0162842
11	41	0.0242739
11	42	0.00928726
11	44	0.0115234
11	45	0.0112608
11	46	0.00423068
11	47	0
11	48	0.00988798
11	49	0.0127323
11	50	0.0113423
11	51	0
11	52	0.00774352
11	55	0
11	57	0.0215117
11	58	0.00513215
11	69	0.034405
11	75	0.00734399
11	76	0.0130864
11	78	0.0124348
11	81	0.0173167
11	82	0.00579675
11	84	0.00518239
11	85	0
11	91	0.0132725
11	92	0.0323963
11	96	0.018051
11	98	0.0180601
11	99	0.00845925
11	100	0.00876834
11	102	0.00537931
11	103	0.00781361
11	104	0.00952395
11	105	0
11	110	0.0122284
11	114	0
11	115	0.00791283
11	116	0.0049507
11	117	0.00405878
11	118	0.00706372
11	120	0.00950344
11	121	0.00577725
11	122	0.0135627
11	123	0
11	124	0.0105004
11	125	0.0055987
11	126	0.0130684
11	128	0.0214147
11	130	0.0107835
11	131	0.010235
11	134	0.0148759
11	135	0.028631
11	136	0
11	140	0.028396
11	145	0.00317614
11	146	0.00317151
11	147	0.0204648
11	148	0.0111908
12	12	203.327
12	13	4.19663
12	14	0.0639154
12	15	0.0225441
12	16	0.0134527
12	17	0
12	21	0
12	23	0.0104042
12	24	0.0188971
12	25	0.0108161
12	26	0.00661857
12	27	0.00553368
12	29	0.0158665
12	31	0.0207699
12	32	0.00554352
12	33	0.0210212
12	34	0.00563304
12	35	0.00586295
12	36	0.0128652
12	37	0.00544275
12	38	0.00520591
12	40	0.00968173
12	41	0.00300667
12	42	0.0122705
12	43	0
12	44	0.00713671
12	45	0.00976364
12	46	0.00419225
12	48	0.00979815
12	51	0
12	52	0.0153463
12	57	0.0106581
12	58	0.00508552
12	65	0.0075974
12	66	0.00921483
12	67	0.00931623
12	69	0.00852312
12	70	0.0155852
12	75	0.0291091
12	76	0.00648374
12	77	0
12	79	0.00819386
12	80	0.00599549
12	82	0.0287205
12	83	0.00651977
12	84	0.0051353
12	86	0.0157257
12	87	0.0234742
12	97	0.0536455
12	99	0.0167648
12	102	0.0106609
12	103	0.00774263
12	104	0.00471871
12	105	0
12	106	0.016606
12	107	0.0163846
12	111	0.0189183
12	112	0.0139508
12	115	0.00784094
12	117	0.00402191
12	118	0.0104993
12	120	0.00565026
12	121	0.00381651
12	122	0.00575976
12	123	0
12	124	0.00520249
12	125	0.00739712
12	126	0.0110997
12	128	0.0318303
12	129	0.0105673
12	131	0.0202841
12	137	0.0246849
12	138	0.0101844
12	139	0.0232357
12	145	0.00314729
12	146	0.0062854
12	148	0.00369637
13	13	178.73
13	14	3.93078
13	15	0.0422465
13	16	0.0441171
13	17	0
13	22	0.0167416
13	23	0.00487425
13	24	0.00590203
13	25	0.0101344
13	26	0.0124029
13	27	0.00518492
13	28	0.0124477
13	29	0.0297331
13	31	0.0129739
13	32	0.0103883
13	33	0.00984816
13	34	0.00527802
13	35	0.0274672
13	36	0.0120544
13	37	0.00509973
13	38	0.00975562
13	40	0.00302385
13	41	0.00563436
13	42	0.00862289
13	43	0
13	44	0.0106991
13	45	0.0091483
13	46	0.00916542
13	47	0
13	48	0.00918063
13	50	0.0210618
13	53	0.0182009
13	55	0
13	57	0.00998642
13	58	0.0285901
13	64	0
13	65	0.00711858
13	66	0.00863408
13	67	0.0174582
13	69	0.00798596
13	70	0.0146029
13	75	0.0204559
13	76	0.0121502
13	77	0
13	78	0.00577263
13	79	0.0153549
13	80	0.0112353
13	83	0.0183266
13	84	0.014435
13	86	0.0147346
13	90	0
13	91	0.0246461
13	99	0.0078541
13	100	0.00814109
13	102	0.00749174
13	103	0.00483644
13	104	0.00442132
13	105	0
13	108	0.0145524
13	112	0.0196073
13	115	0.0110202
13	117	0.00753687
13	118	0.0032792
13	120	0.00352944
13	121	0.0125159
13	122	0.00539676
13	124	0.00649948
13	125	0.0138618
13	126	0.0121335
13	129	0.00990132
13	131	0.0190057
13	134	0.0138117
13	136	0
13	138	0.00954255
13	145	0.00589787
13	146	0.0206124
13	147	0.0031668
13	148	0.0207805
14	14	145.268
14	15	4.3273
14	16	0.0282726
14	17	0
14	21	0
14	22	0.00500685
14	23	0.0174926
14	24	0.0105906
14	26	0.00556391
14	27	0.00930378
14	29	0.00666911
14	30	0.00591057
14	32	0.0139805
14	33	0.00883573
14	34	0.00473542
14	35	0.0049287
14	37	0.0320282
14	38	0.00875271
14	40	0.00271299
14	41	0.0101103
14	42	0.00515762
14	44	0.0011999
14	45	0.00586273
14	46	0.00469896
14	47	0
14	48	0.0329473
14	52	0.00645046
14	53	0.00816489
14	54	0.0083358
14	57	0.0268794
14	58	0.00427515
14	62	0.0878444
14	68	0
14	69	0.0143299
14	70	0.00655085
14	74	0
14	75	0.00611765
14	76	0.0109011
14	79	0.0137764
14	80	0.0151204
14	81	0.00721255
14	82	0.00482878
14	83	0.0164426
14	84	0.004317
14	86	0.0132198
14	90	0
14	95	0.0179641
14	96	0.0150367
14	97	0.0225486
14	98	0.00752216
14	99	0.0140933
14	100	0.0146083
14	102	0.0134431
14	103	0.00650885
14	104	0.00396679
14	105	0
14	108	0.0130564
14	110	0.0101865
14	112	0.00586387
14	113	0.0130661
14	115	0.00329575
14	116	0.004124
14	117	0.00338102
14	118	0.00588417
14	120	0.0079165
14	121	0.00160418
14	122	0.00322797
14	123	0
14	124	0.00583131
14	125	0.0046638
14	126	0.00311033
14	130	0.00898281
14	133	0.0163542
14	136	0
14	137	0.0207514
14	139	0.0195331
14	144	0.0266038
14	145	0.0105831
14	146	0.00792575
14	147	0.011365
14	148	0.0155368
15	15	236.368
15	16	5.08983
15	17	0
15	22	0.019426
15	23	0.00565579
15	24	0.0205451
15	27	0.0120325
15	28	0.0216654
15	30	0.00764412
15	32	0.00602698
15	35	0.00637426
15	36	0.0279743
15	37	0.0236697
15	38	0.0113198
15	40	0.0105261
15	41	0.0130756
15	42	0.00333516
15	43	0
15	44	0.00775911
15	45	0.0060658
15	46	0.0136736
15	47	0
15	53	0.0105596
15	58	0.00552904
15	63	0.040277
15	65	0.00825998
15	67	0.0202574
15	68	0
15	69	0.00926643
15	70	0.0169444
15	74	0
15	77	0
15	78	0.00669822
15	79	0.00890845
15	81	0.0186559
15	82	0.00624504
15	84	0.00558316
15	85	0
15	86	0.0170971
15	92	0.0349017
15	98	0.00972838
15	99	0.00911343
15	102	0.00579531
15	103	0.00841787
15	104	0.0128256
15	107	0.0178135
15	108	0.0168858
15	113	0.00844918
15	115	0.00426238
15	116	0.0160007
15	117	0.013118
15	118	0.019025
15	119	0
15	120	0.0122861
15	121	0.00622403
15	122	0.0125242
15	123	0
15	124	0.00942701
15	125	0.0160845
15	126	0.0100564
15	129	0.0114889
15	130	0.0116174
15	138	0.0221452
15	141	0.027211
15	142	0.0557647
15	144	0.0688132
15	145	0.0102653
15	146	0.0136671
15	147	0.0110237
15	148	0.00401874
16	16	194.889
16	17	0
16	22	0.0173881
16	23	0.00506248
16	24	0.0122599
16	25	0.0052629
16	26	0.0193227
16	27	0.0107703
16	28	0.00646421
16	29	0.00772032
16	31	0.00673748
16	32	0.00539472
16	34	0.0164455
16	36	0.00625993
16	37	0.00529666
16	38	0.00506617
16	39	0.0199437
16	40	0.0157031
16	44	0.00416709
16	45	0.0135737
16	46	0.0135991
16	47	0
16	49	0.012278
16	52	0.00746721
16	57	0.0103721
16	58	0.00494902
16	66	0.00896749
16	67	0.0181323
16	70	0.00758342
16	75	0.0141639
16	76	0.00630971
16	78	0.00599555
16	79	0.0239218
16	80	0.0116691
16	82	0.0167697
16	83	0.0126895
16	84	0.00499746
16	85	0
16	88	0.0363963
16	95	0.0415913
16	96	0.0174069
16	97	0.0261028
16	98	0.00870783
16	99	0.0081574
16	100	0.0169109
16	102	0.00778104
16	104	0.00688808
16	105	0
16	107	0.0159448
16	110	0.00589604
16	111	0.00920527
16	113	0.0151256
16	115	0.00763047
16	116	0.0190962
16	118	0.0136233
16	120	0.00183286
16	121	0.0055711
16	122	0.00373677
16	123	0
16	124	0.00506285
16	125	0.0089982
16	126	0.00540089
16	129	0.0205673
16	131	0.00986981
16	138	0.0198221
16	140	0.0136914
16	141	0.0243565
16	142	0.0249574
16	143	0.0479495
16	145	0.00306281
16	146	0.00917503
16	147	0.00328909
16	148	0.00359716
17	17	0
17	22	0
17	23	0
17	28	0
17	30	0
17	31	0
17	32	0
17	33	0
17	37	0
17	40	0
17	42	0
17	44	0
17	45	0
17	46	0
17	47	0
17	48	0
17	50	0
17	53	0
17	58	0
17	65	0
17	66	0
17	75	0
17	76	0
17	78	0
17	80	0
17	81	0
17	82	0
17	83	0
17	86	0
17	99	0
17	102	0
17	104	0
17	105	0
17	110	0
17	111	0
17	112	0
17	114	0
17	115	0
17	117	0
17	120	0
17	121	0
17	122	0
17	123	0
17	124	0
17	125	0
17	126	0
17	135	0
17	139	0
17	140	0
17	145	0
17	146	0
17	147	0
21	21	0
21	22	0
21	24	0
21	25	0
21	27	0
21	28	0
21	34	0
21	36	0
21	39	0
21	40	0
21	44	0
21	45	0
21	46	0
21	50	0
21	68	0
21	70	0
21	76	0
21	82	0
21	83	0
21	85	0
21	101	0
21	102	0
21	104	0
21	110	0
21	113	0
21	115	0
21	116	0
21	120	0
21	121	0
21	122	0
21	123	0
21	124	0
21	125	0
21	126	0
21	128	0
21	134	0
21	140	0
21	145	0
21	146	0
21	147	0
21	148	0
22	22	214.499
22	23	4.00297
22	24	0.0108556
22	25	0.060581
22	26	0.0171095
22	27	0.0190733
22	29	0.0273441
22	30	0.0060585
22	32	0.0047768
22	33	0.00905687
22	34	0.00485394
22	36	0.0055429
22	37	0.00468997
22	38	0.0179435
22	39	0.0294323
22	40	0.00834266
22	41	0.00518165
22	42	0.00793005
22	43	0
22	44	0.0086095
22	45	0.0120189
22	46	0.00842899
22	47	0
22	49	0.0217433
22	50	0.00968478
22	51	0
22	52	0.0066119
22	53	0.00836924
22	55	0
22	57	0.00918403
22	58	0.00438215
22	66	0.0158807
22	67	0.0160554
22	68	0
22	69	0.0220329
22	75	0.0125415
22	77	0
22	79	0.00706057
22	80	0.0103325
22	82	0.00494963
22	83	0.00561803
22	84	0.0177002
22	86	0.0135507
22	95	0.0184137
22	96	0.0154131
22	98	0.00771042
22	102	0.00918638
22	103	0.0155674
22	104	0.0121982
22	105	0
22	106	0.0143092
22	110	0.0104414
22	111	0.00815088
22	112	0.0120213
22	113	0.0200897
22	115	0.0101347
22	116	0.0126817
22	117	0.00693129
22	118	0.00301572
22	120	0.0146063
22	121	0.00493298
22	122	0.0082719
22	123	0
22	124	0.00896588
22	125	0.0143416
22	126	0.0223172
22	130	0.0184153
22	135	0.0122235
22	138	0.00877582
22	143	0.0212287
22	144	0.0272697
22	145	0.01356
22	146	0.0108321
22	147	0.00291235
22	148	0.00637026
23	23	164.081
23	24	4.56069
23	25	0.0651245
23	26	0.0398508
23	27	0.0374834
23	28	0.0349956
23	29	0.0179125
23	30	0.0105834
23	31	0.00521071
23	32	0.00417223
23	33	0.0039553
23	35	0.00441264
23	36	0.00968275
23	37	0.00409639
23	38	0.00391813
23	39	0.00514144
23	40	0.0121446
23	41	0.0135775
23	42	0.00923519
23	44	0.00537132
23	45	0.00314933
23	46	0.00736218
23	48	0.0221232
23	49	0.00949569
23	50	0.00845903
23	51	0
23	53	0.01462
23	54	0.014926
23	57	0.0160433
23	58	0.00382753
23	65	0.00571805
23	66	0.00693538
23	69	0.00641477
23	70	0.00586495
23	75	0.00547711
23	76	0.00975975
23	77	0
23	78	0.00463691
23	81	0.0129147
23	82	0.00864638
23	83	0.00981398
23	84	0.019325
23	87	0.0353349
23	91	0.00989859
23	95	0.0160832
23	99	0.0126177
23	100	0.0196181
23	102	0.00401186
23	103	0.00582735
23	104	0.00177573
23	105	0
23	106	0.0249964
23	108	0.0233786
23	110	0.00455995
23	111	0.0142386
23	112	0.0052499
23	113	0.0233961
23	115	0.00885201
23	116	0.0036922
23	118	0.00790212
23	120	0.00567009
23	121	0.0100535
23	122	0.00722497
23	123	0
23	124	0.00522075
23	125	0.00974279
23	126	0.00556933
23	130	0.00804228
23	131	0.00763323
23	133	0.0146419
23	135	0.0106764
23	137	0.00928932
23	138	0.00766512
23	140	0.0105888
23	141	0.0188371
23	145	0.00236875
23	146	0.00709589
23	147	0.0152625
23	148	0.0166921
24	24	232.846
24	25	4.47018
24	26	0.0241268
24	27	0.015129
24	29	0.0144597
24	30	0.00640752
24	31	0.00630943
24	32	0.010104
24	33	0.00957861
24	34	0.0102671
24	36	0.0117244
24	37	0.0148804
24	38	0.0142329
24	39	0.0124511
24	40	0.00294109
24	41	0.00822022
24	42	0.0167738
24	44	0.00910547
24	45	0.00635565
24	46	0.00764105
24	48	0.00892935
24	49	0.0229959
24	51	0
24	53	0.00885137
24	55	0
24	57	0.0194262
24	58	0.00926919
24	65	0.0138475
24	66	0.0167955
24	67	0.0169803
24	68	0
24	69	0.00776738
24	70	0.0142033
24	77	0
24	79	0.0149346
24	81	0.0156379
24	82	0.0157043
24	83	0.00594167
24	85	0
24	86	0.0143313
24	91	0.0119858
24	92	0.0292556
24	96	0.016301
24	97	0.0244444
24	98	0.0081546
24	100	0.0158365
24	102	0.0145734
24	103	0.0164642
24	104	0.0107508
24	106	0.0151336
24	107	0.0149318
24	110	0.00552145
24	111	0.00862043
24	115	0.0107185
24	116	0.0134122
24	117	0.0146612
24	118	0.0127578
24	120	0.00858209
24	121	0.00521715
24	122	0.00524905
24	123	0
24	124	0.0126432
24	125	0.00674122
24	126	0.00674367
24	129	0.00963032
24	130	0.00973806
24	131	0.00924275
24	138	0.00928137
24	139	0.0105877
24	142	0.0233718
24	143	0.0224516
24	145	0.00286822
24	146	0.00859212
24	147	0.0154006
24	148	0.0134745
25	25	169.287
25	26	5.23034
25	27	0.0432971
25	28	0.0571702
25	29	0.0310361
25	30	0.0110024
25	31	0.010834
25	32	0.0130122
25	33	0.00411189
25	35	0.00917468
25	36	0.00503304
25	37	0.00851713
25	38	0.0122198
25	39	0.01069
25	40	0.0151505
25	41	0.0164676
25	42	0.0024002
25	43	0
25	44	0.0134015
25	45	0.0152787
25	46	0.00984041
25	47	0
25	48	0.0229991
25	50	0.0175879
25	52	0.0120074
25	53	0.0075994
25	55	0
25	58	0.0119372
25	65	0.00594443
25	66	0.0144199
25	67	0.00728929
25	75	0.0113879
25	76	0.0152192
25	78	0.00964096
25	82	0.00449434
25	83	0.00510126
25	84	0.00401801
25	85	0
25	87	0.0183669
25	88	0.0146315
25	91	0.0102905
25	92	0.0251176
25	95	0.0167199
25	96	0.0139953
25	97	0.0209869
25	98	0.00700118
25	99	0.00655863
25	102	0.00834138
25	103	0.0141355
25	104	0.0110762
25	105	0
25	111	0.00740113
25	112	0.00545775
25	113	0.00608058
25	115	0.00306749
25	118	0.0109533
25	120	0.0103155
25	121	0.0119446
25	122	0.00450661
25	123	0
25	124	0.00407058
25	125	0.00289386
25	126	0.00723728
25	127	0
25	128	0.00830164
25	129	0.0165363
25	134	0.0230672
25	138	0.0159372
25	139	0.00909015
25	140	0.022016
25	145	0.00246253
25	146	0.0122947
25	147	0.0105778
25	148	0.00289215
26	26	254.42
26	27	5.22995
26	28	0.0318031
26	29	0.0227898
26	30	0.00673257
26	32	0.0159248
26	33	0.00503227
26	34	0.010788
26	35	0.00561414
26	37	0.0104235
26	38	0.00996997
26	39	0.0196241
26	40	0.021632
26	41	0.0115163
26	42	0.0117498
26	43	0
26	44	0.0150345
26	45	0.0093493
26	46	0.0133811
26	50	0.0215246
26	51	0
26	53	0.0093004
26	54	0.00949507
26	58	0.00486971
26	63	0.035474
26	65	0.021825
26	69	0.00816142
26	75	0.00696844
26	76	0.0186258
26	78	0.0117989
26	79	0.0235384
26	80	0.00574106
26	81	0.00821561
26	82	0.0110007
26	84	0.00983475
26	85	0
26	90	0
26	95	0.0204624
26	98	0.00856828
26	102	0.00255211
26	103	0.0172995
26	104	0.00677769
26	105	0
26	106	0.0159013
26	109	0
26	110	0.00580155
26	111	0.0181155
26	112	0.0133587
26	113	0.00744162
26	115	0.0300328
26	116	0.00469753
26	117	0.0192562
26	118	0.0067025
26	120	0.0180349
26	121	0.00913637
26	122	0.0110307
26	123	0
26	124	0.0149451
26	125	0.017708
26	126	0.00708578
26	129	0.0202377
26	130	0.0102321
26	132	0
26	139	0.0222497
26	141	0.0239662
26	145	0.00301373
26	146	0.00300933
26	147	0.0161819
26	148	0.00353951
27	27	185.035
27	28	4.55222
27	29	0.0127028
27	30	0.00562899
27	32	0.0177526
27	33	0.0168296
27	34	0.00450982
27	36	0.00514994
27	37	0.00435748
27	39	0.0109383
27	40	0.010335
27	41	0.0120357
27	42	0.0049119
27	43	0
27	44	0.00571367
27	45	0.00670011
27	46	0.010069
27	49	0.0101009
27	53	0.00777591
27	57	0.0170659
27	58	0.00814296
27	65	0.0182475
27	66	0.00737742
27	67	0.0074586
27	68	0
27	69	0.0136473
27	70	0.0187163
27	76	0.0103818
27	79	0.00656002
27	80	0.00960001
27	81	0.0137379
27	82	0.00459873
27	83	0.00521975
27	84	0.00411134
27	87	0.037587
27	88	0.0149714
27	91	0.021059
27	95	0.0171083
27	98	0.0071638
27	99	0.00671096
27	100	0.0139124
27	101	0
27	102	0.00853512
27	103	0.00826502
27	104	0.00566672
27	105	0
27	109	0
27	110	0.00485058
27	111	0.00757303
27	112	0.0223381
27	113	0.00622182
27	115	0.0125549
27	116	0.00785506
27	117	0.0128798
27	118	0.0112077
27	120	0.00753935
27	121	0.00152775
27	122	0.00922256
27	123	0
27	124	0.00138838
27	125	0.0103638
27	126	0.00888646
27	128	0.00849446
27	130	0.0171097
27	133	0.0311502
27	134	0.0354045
27	135	0.0113569
27	137	0.0197628
27	142	0.020532
27	145	0.00755918
27	146	0.0100642
27	147	0.00811766
27	148	0.0118373
28	28	252.096
28	29	6.78543
28	30	0.00675692
28	31	0.0199605
28	32	0.0106549
28	33	0.0101009
28	35	0.00563445
28	36	0.00618189
28	37	0.0104613
28	38	0.010006
28	39	0.00656504
28	40	0.00620293
28	41	0.0144475
28	42	0.00589615
28	44	0.0109737
28	45	0.00938312
28	46	0.00940068
28	49	0.0242498
28	50	0.0216025
28	58	0.014662
28	65	0.0146026
28	67	0.0179063
28	69	0.00819094
28	75	0.020981
28	76	0.00623105
28	77	0
28	79	0.00787451
28	80	0.00576182
28	82	0.00552022
28	83	0.0125313
28	84	0.0148055
28	86	0.0151128
28	88	0.0179713
28	91	0.0126394
28	95	0.0205364
28	96	0.0171899
28	98	0.00859927
28	99	0.0080557
28	102	0.00768404
28	103	0.00992116
28	104	0.0158718
28	105	0
28	107	0.0157461
28	111	0.00909051
28	112	0.00670354
28	113	0.00746854
28	115	0.011303
28	116	0.00942906
28	117	0.0154606
28	118	0.00672675
28	120	0.0108601
28	121	0.00550165
28	122	0.0129157
28	123	0
28	124	0.00666631
28	125	0.0106632
28	126	0.0106671
28	127	0
28	129	0.0203109
28	130	0.0102691
28	131	0.0194935
28	133	0.018696
28	138	0.0097875
28	139	0.0334952
28	145	0.0120985
28	146	0.00604044
28	147	0.00324809
28	148	0.0106569
29	29	243.52
29	30	0.00806991
29	31	0.00794638
29	32	0.0190881
29	34	0.00646544
29	35	0.00672932
29	36	0.00738314
29	38	0.0119504
29	40	0.00740828
29	41	0.00690195
29	42	0.0105628
29	43	0
29	44	0.00655305
29	45	0.00640367
29	46	0.00641566
29	47	0
29	50	0.0129001
29	53	0.0111478
29	57	0.0122331
29	58	0.0175111
29	65	0.00872008
29	67	0.0106929
29	75	0.0250579
29	77	0
29	81	0.00984754
29	82	0.0065929
29	83	0.0149664
29	84	0.00589415
29	85	0
29	88	0.0429269
29	96	0.0205302
29	98	0.0205405
29	99	0.00962107
29	102	0.0214134
29	103	0.00888677
29	104	0.008124
29	105	0
29	108	0.0178263
29	111	0.0325709
29	112	0.0160123
29	113	0.00891981
29	115	0.0044998
29	116	0.0112613
29	118	0.0120508
29	120	0.0064852
29	121	0.0131414
29	122	0.0154254
29	124	0.00995212
29	125	0.0042451
29	126	0.0148633
29	128	0.0121779
29	134	0.016919
29	137	0.0141663
29	138	0.0116894
29	139	0.0133346
29	141	0.0287268
29	142	0.0294354
29	144	0.0363231
29	145	0.00361237
29	146	0.0036071
29	147	0.015517
29	148	0.0127278
30	30	221.871
30	31	6.13407
30	32	0.0394731
30	33	0.0106916
30	34	0.0229203
30	35	0.0178918
30	36	0.0196302
30	37	0.0166095
30	38	0.0370691
30	39	0.0347447
30	40	0.00328283
30	41	0.00611692
30	42	0.0187228
30	44	0.00725964
30	45	0.00851298
30	46	0.00568594
30	47	0
30	48	0.0398677
30	49	0.0385019
30	50	0.0114329
30	51	0
30	52	0.00780534
30	55	0
30	58	0.00517312
30	59	0
30	65	0.0231848
30	66	0.00937355
30	67	0.0094767
30	75	0.0296105
30	76	0.00659542
30	78	0.00626704
30	81	0.017455
30	82	0.0116861
30	83	0.0132641
30	84	0.0156713
30	85	0
30	86	0.0159965
30	91	0.0401355
30	96	0.0363901
30	100	0.00883834
30	102	0.00542225
30	103	0.00525066
30	104	0.012
30	105	0
30	110	0.00616302
30	111	0.0288663
30	112	0.0354777
30	115	0.003988
30	116	0.00998044
30	117	0.00409119
30	119	0
30	120	0.0095793
30	121	0.0077645
30	122	0.00585897
30	124	0.0105842
30	125	0.00940566
30	126	0.00752727
30	128	0.0215857
30	129	0.0107493
30	130	0.0217392
30	145	0.0032015
30	146	0.00639366
30	147	0.00343803
30	148	0.0112801
31	31	252.203
31	32	4.60317
31	33	0.0263199
31	34	0.016927
31	35	0.00587264
31	37	0.00545174
31	38	0.020858
31	39	0.0205277
31	40	0.00646515
31	41	0.00903492
31	42	0.0030727
31	44	0.0100079
31	45	0.00698555
31	46	0.00839835
31	47	0
31	49	0.0126375
31	50	0.0112578
31	52	0.00768585
31	53	0.00972863
31	57	0.0106758
31	58	0.0152818
31	65	0.0152199
31	66	0.00923006
31	67	0.0186632
31	69	0.0085372
31	75	0.0072893
31	76	0.00649446
31	77	0
31	78	0.0061711
31	80	0.0120108
31	81	0.00859389
31	82	0.0172607
31	83	0.0195916
31	84	0.0102876
31	86	0.0157516
31	92	0.0321551
31	95	0.0214046
31	96	0.0179165
31	97	0.0537342
31	100	0.00870304
31	102	0.0106785
31	103	0.00775542
31	104	0.00472651
31	105	0
31	109	0
31	112	0.0139738
31	113	0.031137
31	115	0.00392695
31	116	0.00982765
31	117	0.0201428
31	118	0.00701111
31	120	0.00943266
31	121	0.0114684
31	122	0.00769237
31	123	0
31	124	0.00868515
31	125	0.0148187
31	126	0.00741203
31	129	0.0317543
31	130	0.0107032
31	131	0.0101588
31	137	0.0123628
31	142	0.0513762
31	143	0.0246768
31	145	0.00630498
31	146	0.00629579
31	147	0.0101562
31	148	0.00740496
32	32	159.24
32	33	3.25811
32	34	0.00451785
32	35	0.0141067
32	36	0.0206364
32	37	0.0174609
32	38	0.0125258
32	39	0.0219155
32	40	0.00258834
32	41	0.0072343
32	42	0.00246032
32	43	0
32	44	0.00457907
32	45	0.0134241
32	46	0.00560383
32	47	0
32	48	0.00785838
32	49	0.0202378
32	50	0.0180284
32	51	0
32	52	0.0184623
32	55	0
32	57	0.00854812
32	58	0.0163149
32	65	0.00609332
32	66	0.00739055
32	67	0.0149437
32	69	0.00683577
32	74	0
32	75	0.0116731
32	76	0.00520014
32	79	0.0065717
32	80	0.00480855
32	82	0.0138208
32	83	0.00522904
32	84	0.0205933
32	85	0
32	86	0.0378372
32	95	0.0342774
32	98	0.00717655
32	100	0.00696856
32	102	0.0106879
32	103	0.00413987
32	104	0.00189227
32	105	0
32	107	0.0131409
32	108	0.0124565
32	109	0
32	110	0.00485922
32	111	0.015173
32	112	0.00559445
32	113	0.0186987
32	115	0.00943297
32	116	0.0196726
32	117	0.00322568
32	118	0.00561382
32	120	0.00151055
32	121	0.00918283
32	122	0.00615932
32	123	0
32	124	0.0125176
32	125	0.0133485
32	126	0.00890227
32	128	0.0170192
32	131	0.00813419
32	133	0.0156028
32	135	0.0113771
32	137	0.019798
32	138	0.00816818
32	143	0.0395176
32	145	0.0176695
32	146	0.00504106
32	147	0.0054214
32	148	0.00296459
33	33	140.378
33	34	3.3664
33	35	0.0222888
33	37	0.0331061
33	38	0.0158328
33	39	0.010388
33	40	0.0171763
33	41	0.00685816
33	42	0.0139944
33	43	0
33	44	0.00868196
33	45	0.00848406
33	46	0.00424997
33	48	0.00744979
33	50	0.00854551
33	52	0.0116682
33	55	0
33	58	0.00386666
33	65	0.0057765
33	66	0.0140126
33	69	0.00648035
33	70	0.0118498
33	75	0.0055331
33	76	0.0295786
33	77	0
33	78	0.0187372
33	79	0.00623
33	80	0.0182341
33	81	0.00652338
33	82	0.0174695
33	83	0.00991431
33	84	0.00780901
33	86	0.0119566
33	87	0.0178481
33	88	0.0142182
33	95	0.0162476
33	96	0.0135999
33	97	0.0407881
33	98	0.0136068
33	99	0.00637335
33	102	0.00202644
33	103	0.00981154
33	104	0.0107633
33	110	0.00921312
33	111	0.0143841
33	112	0.00530357
33	115	0.00298083
33	117	0.00305796
33	118	0.0133048
33	120	0.00572805
33	121	0.00580358
33	122	0.00583906
33	123	0
33	124	0.00527412
33	125	0.00703027
33	126	0.0112525
33	129	0.0321384
33	130	0.00812449
33	131	0.0231338
33	136	0
33	137	0.00938428
33	138	0.015487
33	139	0.0176667
33	145	0.00239297
33	146	0.0119474
33	147	0.00513952
33	148	0.0112418
34	34	159.452
34	35	4.12834
34	36	0.0314545
34	39	0.0222694
34	40	0.0105205
34	41	0.00980149
34	42	0.00250005
34	43	0
34	44	0.00581626
34	45	0.00341021
34	46	0.0159441
34	49	0.0102823
34	55	0
34	57	0.0173723
34	63	0.0603836
34	66	0.0300396
34	67	0.015185
34	69	0.00694616
34	70	0.0127016
34	76	0.0105682
34	79	0.0200334
34	80	0.00977239
34	83	0.0159404
34	84	0.00837032
34	85	0
34	87	0.019131
34	91	0.0214371
34	97	0.0655799
34	98	0.00729243
34	99	0.0273259
34	100	0.0212433
34	102	0.0021721
34	103	0.0126201
34	104	0.00576847
34	108	0.0126576
34	113	0.0190006
34	115	0.0031951
34	116	0.0159922
34	117	0.0163888
34	118	0.0114089
34	120	0.00767473
34	121	0.00933112
34	122	0.00312939
34	123	0
34	124	0.00989314
34	125	0.0135641
34	126	0.00452301
34	128	0.017294
34	130	0.017417
34	131	0.0165311
34	133	0.0158548
34	134	0.0120134
34	135	0.0115608
34	137	0.0201177
34	138	0.00830008
34	139	0.0189366
34	141	0.0203975
34	145	0.00512994
34	146	0.0153674
34	147	0.00275447
34	148	0.0120499
35	35	173.893
35	36	4.42513
35	37	0.0230838
35	38	0.00883173
35	39	0.0231783
35	40	0.0164249
35	41	0.00255038
35	43	0
35	44	0.0108966
35	45	0.00236626
35	46	0.00118535
35	48	0.0249336
35	50	0.0190672
35	52	0.0065087
35	54	0.0252332
35	55	0
35	58	0.0086275
35	62	0.0886375
35	65	0.00644443
35	66	0.0312656
35	70	0.00660999
35	75	0.0123458
35	76	0.0109996
35	78	0.00522595
35	79	0.00695037
35	80	0.00508562
35	81	0.00727766
35	82	0.00487237
35	83	0.00553034
35	84	0.0130679
35	87	0.0398236
35	95	0.0362525
35	98	0.0227702
35	99	0.00711029
35	100	0.0073701
35	101	0
35	102	0.0045215
35	103	0.00875682
35	104	0.00400261
35	105	0
35	110	0.00513921
35	112	0.00591681
35	113	0.0131841
35	115	0.00997651
35	116	0.0124837
35	117	0.0136462
35	118	0.0059373
35	120	0.00798797
35	121	0.0080933
35	122	0.00814278
35	123	0
35	124	0.00147099
35	125	0.0109804
35	126	0.0141228
35	128	0.00899991
35	129	0.0179273
35	135	0.036098
35	139	0.0197095
35	140	0.0238678
35	145	0.00533932
35	146	0.00533153
35	147	0.00860069
35	148	0.00627083
36	36	206.122
36	37	4.06746
36	38	0.00484491
36	39	0.0317878
36	40	0.0060069
36	41	0.00279818
36	42	0.0142745
36	44	0.00398509
36	45	0.0103847
36	46	0.00520205
36	47	0
36	49	0.0117417
36	52	0.0142822
36	53	0.00903907
36	54	0.00922827
36	55	0
36	57	0.0198381
36	58	0.00473287
36	59	0
36	65	0.0141411
36	66	0.00857583
36	67	0.0086702
36	69	0.00793209
36	70	0.0145044
36	75	0.00677263
36	76	0.0120683
36	77	0
36	78	0.0172011
36	79	0.00762566
36	80	0.00557974
36	81	0.0159695
36	82	0.0106915
36	83	0.0121353
36	85	0
36	87	0.0218464
36	88	0.0174034
36	91	0.0244799
36	92	0.0298759
36	96	0.0166466
36	97	0.0249627
36	98	0.00832751
36	99	0.00780112
36	101	0
36	102	0.0049608
36	103	0.0120095
36	104	0.0131745
36	105	0
36	106	0.0309089
36	110	0.00563853
36	111	0.00880323
36	113	0.014465
36	115	0.0109458
36	116	0.00456554
36	117	0.011229
36	118	0.00651416
36	119	0
36	120	0.0140225
36	121	0.00887964
36	122	0.00714714
36	123	0
36	124	0.00806955
36	125	0.00516312
36	126	0.00860834
36	129	0.0295036
36	132	0
36	135	0.0132018
36	136	0
36	137	0.0114866
36	138	0.00947818
36	139	0.0108122
36	140	0.0130934
36	145	0.00585808
36	146	0.00877431
36	147	0.00629088
36	148	0.0137602
37	37	153.336
37	38	3.34919
37	39	0.0161378
37	40	0.00762386
37	41	0.00473519
37	42	0.0024156
37	43	0
37	44	0.00561979
37	45	0.00768836
37	46	0.00440157
37	47	0
37	48	0.00771553
37	50	0.00885033
37	54	0.0156165
37	57	0.00839273
37	58	0.0160183
37	63	0.0291719
37	65	0.00598255
37	66	0.0072562
37	67	0.00733604
37	69	0.0201345
37	70	0.00613625
37	75	0.0171914
37	76	0.00510561
37	77	0
37	78	0.0097028
37	79	0.0193567
37	82	0.00904634
37	83	0.010268
37	84	0.00404378
37	85	0
37	91	0.0103565
37	96	0.0281701
37	97	0.042243
37	99	0.0066007
37	100	0.0136838
37	102	0.00419744
37	103	0.00406461
37	104	0.0111472
37	105	0
37	110	0.00477088
37	113	0.0183588
37	114	0
37	117	0.0158352
37	118	0.0110235
37	120	0.00889856
37	121	0.0060106
37	122	0.0105829
37	123	0
37	124	0.00819338
37	125	0.00436863
37	126	0.00874044
37	128	0.0167098
37	130	0.0168286
37	131	0.0159726
37	132	0
37	133	0.0306384
37	134	0.0232151
37	135	0.0111703
37	140	0.0110786
37	141	0.0197085
37	143	0.0193996
37	145	0.0173483
37	146	0.00742413
37	147	0.00798427
37	148	0.0116428
38	38	138.89
38	39	4.25508
38	40	0.00972281
38	41	0.0113229
38	42	0.0161734
38	43	0
38	44	0.00645029
38	45	0.00525271
38	46	0.00736756
38	48	0.0147596
38	51	0
38	54	0.0224054
38	55	0
38	57	0.016055
38	62	0.0393521
38	65	0.0114444
38	66	0.00694044
38	67	0.0210504
38	69	0.00641946
38	70	0.0176077
38	75	0.00548111
38	76	0.00488344
38	79	0.0123429
38	80	0.00451569
38	83	0.00982115
38	84	0.00773563
38	85	0
38	87	0.0176804
38	91	0.0297175
38	95	0.0160949
38	96	0.0134721
38	97	0.0404048
38	99	0.00631347
38	100	0.0130883
38	102	0.00602218
38	103	0.00971934
38	104	0.00888512
38	107	0.0123406
38	113	0.00585329
38	115	0.0147641
38	116	0.0110847
38	117	0.00302923
38	118	0.00790789
38	120	0.00709279
38	121	0.00287453
38	122	0.00723025
38	123	0
38	124	0.00522456
38	125	0.0097499
38	126	0.0083601
38	127	0
38	128	0.0159826
38	129	0.00795911
38	130	0.0241445
38	131	0.0229164
38	135	0.0106842
38	138	0.00767072
38	139	0.00875036
38	142	0.0193159
38	145	0.00711144
38	146	0.0165692
38	147	0.0101825
38	148	0.00835212
39	39	214.256
39	40	0.00956882
39	41	0.00297161
39	42	0.00909556
39	43	0
39	44	0.00282139
39	45	0.00964977
39	46	0.011049
39	49	0.024939
39	51	0
39	55	0
39	58	0.00502621
39	66	0.0273221
39	67	0.00920758
39	68	0
39	70	0.00770171
39	75	0.0071924
39	76	0.00640813
39	77	0
39	78	0.00608907
39	79	0.0080983
39	80	0.00592557
39	81	0.00847965
39	82	0.0113542
39	83	0.00644374
39	84	0.00507541
39	85	0
39	87	0.0232005
39	91	0.0129986
39	95	0.0422401
39	98	0.0176873
39	100	0.00858735
39	102	0.00263414
39	103	0.00510155
39	104	0.013991
39	105	0
39	106	0.0164123
39	107	0.0323871
39	111	0.00934885
39	113	0.00768079
39	115	0.00774949
39	117	0.0159
39	118	0.00691791
39	120	0.00558436
39	121	0.007544
39	122	0.00569259
39	123	0
39	124	0.0085697
39	125	0.00731085
39	126	0.00182838
39	130	0.0105609
39	131	0.0100238
39	133	0.0192273
39	134	0.0291377
39	135	0.04206
39	136	0
39	138	0.0100656
39	140	0.0139049
39	145	0.00622117
39	146	0.0248484
39	147	0.016702
39	148	0.00730653
40	40	94.628
40	41	1.76464
40	42	0.0315109
40	43	0
40	44	0.00666443
40	45	0.00716377
40	46	0.00913458
40	47	0
40	48	0.00457487
40	49	0.0294543
40	50	0.00524775
40	51	0
40	52	0.0035827
40	53	0.00453492
40	54	0.0138895
40	58	0.00712347
40	62	0.0243951
40	63	0.0172973
40	64	0
40	65	0.00354732
40	66	0.00430252
40	67	0.00434986
40	68	0
40	69	0.00795909
40	70	0.0109154
40	75	0.00679569
40	76	0.0151367
40	77	0
40	78	0.00862982
40	80	0.0223949
40	81	0.0160239
40	82	0.00536397
40	83	0.00608832
40	84	0.0119887
40	85	0
40	86	0.014685
40	87	0.0109604
40	88	0.00873131
40	95	0.00997756
40	98	0.00835586
40	99	0.0156554
40	100	0.00405685
40	102	0.0111998
40	103	0.0132555
40	104	0.00991451
40	105	0
40	108	0.00725173
40	109	0
40	110	0.00848659
40	111	0.0088332
40	112	0.00325689
40	113	0.00725714
40	115	0.00549154
40	116	0.00687162
40	117	0.00187788
40	118	0.0163408
40	120	0.00527635
40	121	0.00980086
40	122	0.0107572
40	123	0
40	124	0.0178134
40	125	0.0051807
40	126	0.00604635
40	128	0.00495398
40	129	0.00986801
40	130	0.00498921
40	131	0.0189418
40	132	0
40	133	0.00908341
40	135	0.0198701
40	136	0
40	138	0.0142657
40	139	0.00542452
40	140	0.013138
40	141	0.023372
40	143	0.0345086
40	145	0.00734753
40	146	0.0117389
40	147	0.00946845
40	148	0.00517764
41	41	80.1392
41	42	1.96026
41	43	0
41	44	0.00620894
41	45	0.00849437
41	46	0.00607876
41	47	0
41	48	0.0042622
41	49	0.021953
41	52	0.00667566
41	53	0.00844995
41	54	0.0172536
41	55	0
41	57	0.0185452
41	58	0.00884881
41	62	0.0227278
41	63	0.0644603
41	65	0.00660974
41	66	0.00400845
41	67	0.00810512
41	68	0
41	69	0.00370756
41	70	0.0135591
41	75	0.0189937
41	76	0.00846129
41	77	0
41	78	0.01608
41	79	0.00356433
41	80	0.00782412
41	82	0.00999472
41	83	0.0028361
41	84	0.0111693
41	86	0.00684067
41	88	0.00813455
41	95	0.0278869
41	96	0.00778084
41	97	0.0116679
41	98	0.0194619
41	99	0.0182317
41	100	0.00755916
41	102	0.00695623
41	103	0.00673609
41	104	0.00923688
41	105	0
41	106	0.00722361
41	107	0.00712731
41	108	0.0067561
41	109	0
41	110	0.00790656
41	111	0.00822948
41	112	0.00606859
41	113	0.00676114
41	114	0
41	115	0.00852702
41	116	0.00426798
41	117	0.0139963
41	118	0.0045672
41	120	0.00737359
41	121	0.009131
41	122	0.00918683
41	123	0
41	124	0.0135785
41	125	0.0104577
41	126	0.00724257
41	129	0.00459679
41	130	0.00929642
41	131	0.00441179
41	134	0.0128245
41	135	0.00617067
41	137	0.00536897
41	138	0.00443022
41	139	0.00505377
41	140	0.0183601
41	141	0.0108873
41	144	0.0137663
41	145	0.00684536
41	146	0.00683538
41	147	0.00735109
41	148	0.00643169
42	42	81.9702
42	43	0
42	44	0.00886875
42	45	0.015476
42	46	0.009303
42	47	0
42	48	0.00869721
42	49	0.011199
42	51	0
42	52	0.006811
42	53	0.0129319
42	54	0.00880172
42	55	0
42	57	0.0141909
42	58	0.00677116
42	63	0.0164418
42	65	0.0101156
42	66	0.0122692
42	67	0.0289431
42	68	0
42	69	0.00378272
42	70	0.006917
42	75	0.00645959
42	76	0.00863283
42	78	0.00546867
42	79	0.0109098
42	81	0.0114235
42	82	0.00509868
42	83	0.0057872
42	84	0.015954
42	85	0
42	86	0.0139587
42	91	0.00583709
42	92	0.0142475
42	95	0.00948408
42	96	0.00793859
42	97	0.0238089
42	98	0.0079426
42	99	0.0111608
42	100	0.00385621
42	102	0.00709726
42	103	0.00458177
42	104	0.0104713
42	105	0
42	106	0.0147401
42	107	0.0145436
42	108	0.00689307
42	110	0.00537791
42	111	0.00419816
42	112	0.0185749
42	113	0.00344911
42	115	0.0121799
42	116	0.0152408
42	117	0.012495
42	118	0.00776633
42	119	0
42	120	0.0117026
42	121	0.010163
42	122	0.0110773
42	123	0
42	124	0.0107752
42	125	0.00984895
42	126	0.0073894
42	127	0
42	128	0.00941792
42	129	0.00468998
42	130	0.0094849
42	131	0.00900247
42	132	0
42	133	0.0172683
42	134	0.0130845
42	135	0.00629578
42	136	0
42	138	0.00452004
42	139	0.0154687
42	140	0.0187323
42	143	0.0218679
42	145	0.00698414
42	146	0.00557916
42	147	0.0060001
42	148	0.00820261
43	43	0
43	44	0
43	45	0
43	46	0
43	48	0
43	52	0
43	55	0
43	58	0
43	65	0
43	66	0
43	69	0
43	75	0
43	80	0
43	81	0
43	82	0
43	85	0
43	95	0
43	99	0
43	102	0
43	103	0
43	104	0
43	105	0
43	112	0
43	113	0
43	115	0
43	116	0
43	117	0
43	118	0
43	120	0
43	121	0
43	122	0
43	124	0
43	125	0
43	126	0
43	127	0
43	131	0
43	133	0
43	134	0
43	136	0
43	138	0
43	142	0
43	145	0
43	146	0
43	147	0
43	148	0
44	44	40.7114
44	45	0.873034
44	46	0.0167373
44	47	0
44	48	0.00607011
44	49	0.0156324
44	50	0.0139258
44	51	0
44	52	0.00950731
44	53	0.0160456
44	54	0.0102384
44	55	0
44	57	0.00880386
44	58	0.00525094
44	62	0.0215789
44	63	0.00765023
44	65	0.0109823
44	66	0.0133204
44	67	0.0115431
44	68	0
44	69	0.0105604
44	70	0.00804606
44	74	0
44	75	0.015028
44	76	0.0147282
44	77	0
44	78	0.00890584
44	79	0.00507623
44	80	0.0049524
44	81	0.00531527
44	82	0.0106757
44	83	0.00134637
44	84	0.0127256
44	85	0
44	86	0.00324743
44	87	0.00484755
44	88	0.00386167
44	91	0.00814785
44	92	0.0132585
44	94	0
44	95	0.00441286
44	98	0.00923906
44	99	0.0138481
44	100	0.0197369
44	101	0
44	102	0.0093565
44	103	0.0090604
44	104	0.00876996
44	105	0
44	106	0.00342923
44	107	0.0101505
44	108	0.00320729
44	109	0
44	110	0.0100092
44	111	0.00781348
44	112	0.0100832
44	113	0.00641936
44	115	0.0145728
44	116	0.0151959
44	117	0.0166109
44	118	0.00867266
44	119	0
44	120	0.0108902
44	121	0.00827536
44	122	0.00872243
44	123	0
44	124	0.0128921
44	125	0.00801961
44	126	0.00725848
44	128	0.0109552
44	129	0.0152755
44	130	0.0132397
44	131	0.00837754
44	132	0
44	133	0.0120522
44	134	0.00608809
44	135	0.00878812
44	136	0
44	137	0.00764635
44	138	0.00841255
44	139	0.0143949
44	140	0.00581065
44	141	0.010337
44	142	0.00529598
44	143	0.0152624
44	144	0.00653521
44	145	0.00714925
44	146	0.00778781
44	147	0.0111672
44	148	0.00915985
45	45	38.691
45	46	1.02449
45	47	0
45	48	0.015818
45	49	0.00509203
45	50	0.0136084
45	52	0.00464529
45	53	0.00783992
45	54	0.012006
45	55	0
45	57	0.0129048
45	58	0.00102625
45	59	0
45	63	0.0149517
45	65	0.0137983
45	66	0.0167358
45	67	0.00375999
45	68	0
45	69	0.00859974
45	70	0.0141528
45	74	0
45	75	0.00146854
45	76	0.00785044
45	77	0
45	78	0.00745957
45	79	0.00826752
45	80	0.0133087
45	81	0.0121196
45	82	0.0104323
45	83	0.0131568
45	84	0.0103629
45	85	0
45	86	0.00634682
45	90	0
45	91	0.0106162
45	92	0.0194344
45	94	0
45	95	0.0258736
45	96	0.00360956
45	97	0.0108256
45	98	0.00722276
45	99	0.00507465
45	100	0.0087668
45	101	0
45	102	0.00806754
45	103	0.00833305
45	104	0.0119028
45	105	0
45	106	0.0100532
45	107	0.00330638
45	108	0.00940253
45	109	0
45	110	0.00611314
45	111	0.00954421
45	112	0.0070381
45	113	0.00627303
45	115	0.0158229
45	116	0.00593979
45	117	0.0056813
45	118	0.00635622
45	119	0
45	120	0.00760141
45	121	0.00885689
45	122	0.0100733
45	123	0
45	124	0.00944867
45	125	0.0119418
45	126	0.0123195
45	127	0
45	128	0.0128466
45	129	0.00426493
45	130	0.0107816
45	131	0.00204664
45	132	0
45	133	0.0157033
45	134	0.00594931
45	135	0.00858779
45	137	0.0149441
45	138	0.00822078
45	139	0.00703338
45	140	0.0085173
45	141	0.0101013
45	143	0.00994301
45	144	0.0127725
45	145	0.00635117
45	146	0.0107812
45	147	0.00886651
45	148	0.0156643
46	46	37.2569
46	47	0
46	48	0.0118857
46	49	0.0102031
46	50	0.0113615
46	52	0.00775664
46	53	0.0157092
46	54	0.0100238
46	55	0
46	57	0.00861927
46	58	0.00514085
46	59	0
46	62	0.0105632
46	63	0.00748983
46	65	0.00614404
46	66	0.0149041
46	67	0.00753406
46	68	0
46	69	0.0120622
46	70	0.00630189
46	75	0.00588515
46	76	0.0117977
46	78	0.00747353
46	79	0.00662639
46	80	0.00606071
46	81	0.0138769
46	82	0.00812921
46	83	0.0105451
46	84	0.00726764
46	85	0
46	86	0.00635869
46	87	0.00949184
46	88	0.0113421
46	90	0
46	92	0.0129805
46	96	0.0144652
46	98	0.00723628
46	99	0.0186419
46	100	0.0087832
46	101	0
46	102	0.010238
46	103	0.0109576
46	104	0.0104941
46	105	0
46	106	0.00671466
46	107	0.0165629
46	108	0.00942013
46	109	0
46	110	0.00244983
46	111	0.00573724
46	112	0.00846153
46	113	0.00471358
46	115	0.00396312
46	116	0.0148773
46	117	0.00731819
46	118	0.00707569
46	119	0
46	120	0.0102811
46	121	0.00964507
46	122	0.00776323
46	123	0
46	124	0.00666151
46	125	0.0089731
46	126	0.00935038
46	127	0
46	128	0.0085804
46	129	0.0213645
46	130	0.00864143
46	131	0.0143533
46	132	0
46	133	0.00786635
46	134	0.00596045
46	135	0.00286795
46	136	0
46	137	0.0149721
46	138	0.00823617
46	139	0.0117442
46	140	0.0142221
46	141	0.0101202
46	142	0.0103699
46	143	0.0199232
46	144	0.0127964
46	145	0.0152713
46	146	0.010166
46	147	0.00683316
46	148	0.00822049
47	47	0
47	49	0
47	50	0
47	53	0
47	58	0
47	65	0
47	66	0
47	67	0
47	68	0
47	70	0
47	74	0
47	76	0
47	79	0
47	82	0
47	83	0
47	85	0
47	96	0
47	98	0
47	99	0
47	101	0
47	102	0
47	103	0
47	104	0
47	106	0
47	110	0
47	112	0
47	113	0
47	115	0
47	116	0
47	117	0
47	118	0
47	119	0
47	120	0
47	121	0
47	123	0
47	124	0
47	125	0
47	127	0
47	128	0
47	129	0
47	134	0
47	136	0
47	145	0
47	146	0
47	148	0
48	48	245.833
48	49	7.63693
48	50	0.0796627
48	51	0
48	52	0.0217546
48	57	0.0151088
48	58	0.00720913
48	65	0.0107699
48	66	0.0130627
48	69	0.0241644
48	79	0.0116154
48	81	0.0121624
48	83	0.00924229
48	84	0.0145594
48	85	0
48	87	0.0332766
48	91	0.0372879
48	98	0.025369
48	99	0.0118827
48	100	0.0369507
48	102	0.0113345
48	103	0.00731719
48	104	0.0167229
48	107	0.0232265
48	110	0.0171773
48	113	0.0220332
48	115	0.0111151
48	116	0.00695425
48	117	0.00570137
48	118	0.0049612
48	120	0.0026699
48	121	0.0108204
48	122	0.00272164
48	124	0.00983325
48	125	0.0026215
48	126	0.0052449
48	128	0.0150406
48	130	0.0302952
48	134	0.0417924
48	137	0.0174964
48	138	0.0144372
48	139	0.0164692
48	145	0.00892306
48	148	0.0052399
49	49	427.503
49	50	4.28777
49	51	0
49	53	0.0354578
49	55	0
49	62	0.0953707
49	65	0.0277359
49	66	0.0336406
49	76	0.0118351
49	84	0.00937374
49	85	0
49	98	0.0163333
49	99	0.0306017
49	100	0.0317198
49	101	0
49	102	0.00486497
49	104	0.00430666
49	105	0
49	106	0.0303118
49	107	0.0299077
49	111	0.0345327
49	117	0.00734141
49	118	0.0127766
49	120	0.0137516
49	121	0.0104497
49	123	0
49	124	0.0158273
49	125	0.00675117
49	126	0.0135073
49	139	0.0212067
49	143	0.0449695
49	145	0.0287246
49	146	0.00573654
49	147	0.0123387
49	148	0.0134944
50	50	337.574
50	51	0
50	52	0.0124772
50	53	0.0157934
50	54	0.016124
50	58	0.0330778
50	63	0.0602399
50	77	0
50	80	0.00974913
50	82	0.0186807
50	83	0.0106017
50	98	0.0145502
50	100	0.0282569
50	102	0.00433385
50	103	0.0167868
50	104	0.00767299
50	105	0
50	106	0.0270026
50	108	0.025255
50	110	0.00985186
50	111	0.0153813
50	112	0.0340276
50	117	0.00653994
50	118	0.0113818
50	119	0
50	120	0.00306259
50	121	0.00930891
50	122	0.0124878
50	123	0
50	124	0.0112795
50	125	0.0120283
50	126	0.00300817
50	128	0.0345056
50	129	0.0171833
50	130	0.0521265
50	131	0.0164917
50	133	0.0316341
50	140	0.0228773
50	146	0.00511027
50	147	0.00549584
50	148	0.00601059
51	51	0
51	58	0
51	70	0
51	78	0
51	81	0
51	83	0
51	86	0
51	99	0
51	100	0
51	101	0
51	102	0
51	103	0
51	104	0
51	105	0
51	108	0
51	110	0
51	111	0
51	115	0
51	120	0
51	121	0
51	124	0
51	126	0
51	129	0
51	131	0
51	133	0
51	135	0
51	137	0
51	143	0
51	147	0
51	148	0
52	52	191.193
52	53	5.32647
52	54	0.0330241
52	57	0.011832
52	58	0.00564565
52	59	0
52	69	0.00946186
52	70	0.0173017
52	76	0.0143957
52	78	0.013679
52	79	0.0363853
52	80	0.00665584
52	82	0.0127535
52	83	0.0144757
52	88	0.0207598
52	90	0
52	91	0.0292011
52	97	0.029777
52	98	0.00993355
52	102	0.00887631
52	103	0.0143257
52	104	0.0130961
52	105	0
52	107	0.0363785
52	108	0.0344838
52	110	0.0134519
52	111	0.021002
52	112	0.00774367
52	113	0.00862737
52	115	0.00435227
52	117	0.0133947
52	118	0.0116557
52	120	0.0104543
52	121	0.0105922
52	122	0.00639415
52	123	0
52	124	0.00962583
52	125	0.0123178
52	126	0.0102685
52	129	0.0117312
52	134	0.0327286
52	135	0.0157478
52	136	0
52	138	0.0113061
52	140	0.0156186
52	143	0.054699
52	144	0.0702645
52	145	0.0104818
52	146	0.00348884
52	147	0.00375207
52	148	0.016414
53	53	301.146
53	54	7.52424
53	58	0.0285847
53	65	0.0106759
53	66	0.0258973
53	67	0.0130912
53	69	0.0239534
53	70	0.0109501
53	74	0
53	75	0.010226
53	76	0.00911095
53	78	0.00865732
53	79	0.011514
53	80	0.0168497
53	81	0.0120562
53	83	0.00916158
53	84	0.0216484
53	85	0
53	95	0.0600561
53	98	0.0251475
53	99	0.0235579
53	100	0.0122093
53	101	0
53	102	0.0112355
53	103	0.00362664
53	104	0.00663073
53	105	0
53	110	0.0170273
53	112	0.00980181
53	113	0.0109204
53	116	0.013787
53	117	0.0169548
53	118	0.0147536
53	120	0.0211726
53	121	0.0134074
53	122	0.00809362
53	123	0
53	124	0.00243685
53	125	0.00779581
53	126	0.00779865
53	128	0.0149093
53	129	0.0148492
53	132	0
53	137	0.0520308
53	138	0.0143111
53	139	0.0163254
53	140	0.0197698
53	145	0.0176903
53	146	0.00441612
53	147	0.0142479
53	148	0.00519414
54	54	327.498
54	55	0
54	58	0.0218873
54	64	0
54	65	0.0108993
54	66	0.0132197
54	67	0.0267304
54	69	0.0122274
54	70	0.0111793
54	78	0.00883853
54	79	0.02351
54	82	0.00824054
54	83	0.0187067
54	84	0.00736717
54	85	0
54	88	0.0268274
54	99	0.0120255
54	100	0.0249298
54	101	0
54	102	0.0152942
54	103	0.0148102
54	104	0.013539
54	105	0
54	110	0.0347673
54	113	0.0334469
54	115	0.0112487
54	116	0.00703781
54	118	0.0150624
54	120	0.0189138
54	121	0.0191632
54	122	0.00550869
54	123	0
54	124	0.00497571
54	125	0.013265
54	126	0.0106159
54	129	0.01516
54	130	0.0306592
54	131	0.0290998
54	133	0.0279093
54	135	0.0203506
54	137	0.0531199
54	138	0.0292214
54	145	0.00903028
54	146	0.00450856
54	147	0.00484872
54	148	0.0106057
55	55	0
55	57	0
55	58	0
55	69	0
55	70	0
55	78	0
55	79	0
55	80	0
55	82	0
55	83	0
55	85	0
55	95	0
55	98	0
55	99	0
55	102	0
55	103	0
55	104	0
55	111	0
55	113	0
55	116	0
55	120	0
55	121	0
55	122	0
55	123	0
55	124	0
55	125	0
55	126	0
55	129	0
55	130	0
55	137	0
55	144	0
55	146	0
55	147	0
57	57	335.206
57	58	6.54797
57	65	0.0117152
57	66	0.0142093
57	77	0
57	78	0.00950015
57	79	0.0126349
57	81	0.0132299
57	83	0.0100535
57	84	0.0237559
57	85	0
57	88	0.0288356
57	91	0.0202803
57	97	0.0413607
57	98	0.0413935
57	99	0.0129257
57	100	0.013398
57	101	0
57	102	0.00821954
57	103	0.0159189
57	104	0.00727626
57	105	0
57	107	0.0505302
57	108	0.0239492
57	111	0.0291721
57	112	0.0215121
57	116	0.0226939
57	118	0.0107933
57	120	0.00580847
57	121	0.0176552
57	122	0.0118421
57	123	0
57	124	0.0133704
57	125	0.00855477
57	126	0.0142631
57	129	0.0162948
57	131	0.0312781
57	138	0.0157044
57	139	0.0179148
57	145	0.00970625
57	146	0.0145381
57	147	0.00521167
57	148	0.00569981
58	58	148.678
58	59	0
58	65	0.0055899
58	66	0.0135599
58	70	0.00573351
58	75	0.0107087
58	76	0.019082
58	78	0.00906597
58	79	0.0180862
58	80	0.0132338
58	82	0.0169052
58	83	0.00479702
58	87	0.0172715
58	91	0.00967675
58	95	0.0471682
58	98	0.0131673
58	99	0.00616747
58	102	0.0078439
58	103	0.00949459
58	104	0.00520779
58	105	0
58	106	0.0244362
58	110	0.0089155
58	113	0.0171538
58	116	0.0144378
58	117	0.00887754
58	118	0.0103
58	119	0
58	120	0.0124718
58	121	0.00982818
58	122	0.00847566
58	124	0.00255187
58	125	0.00272127
58	126	0.0095279
58	128	0.0234196
58	129	0.0155501
58	133	0.0286275
58	134	0.0216915
58	137	0.00908114
58	138	0.02248
58	141	0.0184149
58	142	0.0377385
58	143	0.0181263
58	145	0.00694699
58	146	0.0138737
58	147	0.0174072
58	148	0.00271966
59	59	0
59	78	0
59	80	0
59	82	0
59	83	0
59	107	0
59	108	0
59	146	0
62	62	1789.9
62	63	43.6857
62	81	0.0648551
62	102	0.0201467
62	103	0.0195092
62	107	0.123853
62	110	0.0915964
62	113	0.0587451
62	120	0.014237
62	121	0.0144247
62	125	0.0279579
62	138	0.0769853
62	145	0.0237907
62	148	0.0279413
63	63	1320.02
63	64	0
63	70	0.083533
63	84	0.0275241
63	85	0
63	86	0.084286
63	104	0.0252912
63	110	0.0649461
63	112	0.0373865
63	116	0.0525871
63	120	0.0100947
63	124	0.0185894
63	125	0.0198234
63	126	0.0198306
63	131	0.054359
63	134	0.0790071
63	146	0.0168442
63	148	0.0198117
64	64	0
64	69	0
64	123	0
64	124	0
65	65	214.301
65	66	6.37098
65	67	0.0716814
65	69	0.00936843
65	70	0.00856545
65	75	0.00799902
65	76	0.00712679
65	77	0
65	78	0.0135439
65	79	0.00900651
65	82	0.00631378
65	83	0.00716639
65	84	0.00564462
65	85	0
65	86	0.0172853
65	87	0.0516047
65	92	0.0352859
65	95	0.0234886
65	98	0.0196709
65	100	0.0191008
65	102	0.0117182
65	103	0.0113474
65	104	0.00259335
65	105	0
65	110	0.00665956
65	111	0.0103973
65	114	0
65	115	0.0129279
65	116	0.00539226
65	117	0.00884159
65	118	0.0115406
65	120	0.00621064
65	121	0.00839005
65	122	0.00211034
65	123	0
65	124	0.00953078
65	125	0.00609806
65	126	0.00610028
65	128	0.0116624
65	135	0.0155923
65	138	0.0111945
65	141	0.0550211
65	143	0.0270794
65	146	0.0172719
65	147	0.0148601
65	148	0.0162519
66	66	288.343
66	67	0.136623
66	68	0
66	70	0.010389
66	76	0.00864403
66	77	0
66	78	0.0164273
66	80	0.0079931
66	81	0.0114383
66	84	0.00684631
66	85	0
66	88	0.0249307
66	97	0.0357597
66	98	0.0119294
66	100	0.0115836
66	102	0.0177662
66	103	0.0103224
66	104	0.0157273
66	105	0
66	106	0.0221389
66	107	0.0218437
66	110	0.00807733
66	112	0.018599
66	113	0.0103607
66	114	0
66	115	0.00522671
66	116	0.026161
66	117	0.00536195
66	120	0.0100438
66	121	0.0127203
66	122	0.00255961
66	123	0
66	124	0.00924785
66	125	0.0073963
66	126	0.00986532
66	128	0.0282904
66	132	0
66	134	0.0393043
66	136	0
66	138	0.0135777
66	139	0.0154888
66	140	0.0187566
66	145	0.00839184
66	147	0.00901183
67	67	306.804
67	68	0
67	75	0.00980871
67	79	0.0220883
67	80	0.0161621
67	81	0.0346926
67	82	0.00774221
67	83	0.0263631
67	84	0.0207649
67	96	0.0482181
67	97	0.0361532
67	98	0.0120606
67	100	0.0117111
67	101	0
67	102	0.00359233
67	103	0.0069573
67	104	0.00318007
67	107	0.0220841
67	110	0.0244986
67	111	0.0127496
67	112	0.00940182
67	113	0.0209495
67	115	0.00528423
67	116	0.0066122
67	117	0.0108419
67	118	0.0141516
67	120	0.0101543
67	121	0.00257205
67	122	0.00258778
67	123	0
67	124	0.00934961
67	125	0.00997024
67	126	0.0149608
67	127	0
67	130	0.0144026
67	135	0.0191199
67	136	0
67	137	0.0166358
67	139	0.0156592
67	140	0.018963
67	145	0.0127263
67	146	0.00423591
67	147	0.0045555
67	148	0.00498218
68	68	0
68	70	0
68	78	0
68	81	0
68	82	0
68	83	0
68	91	0
68	102	0
68	111	0
68	112	0
68	115	0
68	120	0
68	121	0
68	122	0
68	124	0
68	125	0
68	126	0
68	130	0
68	136	0
68	145	0
69	69	328.698
69	70	7.13957
69	75	0.00897368
69	76	0.0159903
69	77	0
69	79	0.0101039
69	80	0.0221793
69	81	0.0211594
69	82	0.0141662
69	84	0.00633239
69	85	0
69	91	0.0162178
69	98	0.0220678
69	99	0.0413456
69	100	0.0107141
69	102	0.00985952
69	103	0.019095
69	104	0.0145467
69	107	0.020204
69	108	0.0191517
69	111	0.0116642
69	112	0.00860142
69	113	0.00958301
69	115	0.00966874
69	116	0.00604929
69	117	0.0148784
69	118	0.0086312
69	120	0.00696739
69	121	0.00705926
69	122	0.0189398
69	124	0.0192457
69	125	0.00684109
69	126	0.0159684
69	129	0.0260613
69	131	0.0125062
69	134	0.018177
69	137	0.0152196
69	138	0.025117
69	140	0.0173486
69	143	0.030379
69	145	0.0155238
69	146	0.0155012
69	147	0.00416768
69	148	0.00455803
70	70	212.978
70	75	0.00820453
70	78	0.0138919
70	80	0.0135188
70	81	0.00967292
70	82	0.019428
70	83	0.0220515
70	84	0.0115793
70	85	0
70	91	0.0148278
70	92	0.0361924
70	96	0.0201661
70	98	0.0201763
70	100	0.00979578
70	102	0.0150241
70	103	0.00872918
70	104	0.00265998
70	105	0
70	106	0.0187219
70	107	0.0184723
70	108	0.0350204
70	111	0.0213289
70	112	0.0157284
70	113	0.0175233
70	115	0.00884001
70	116	0.0165924
70	118	0.0039457
70	120	0.0063702
70	121	0.0129084
70	122	0.00432911
70	124	0.00586538
70	125	0.00208491
70	126	0.0145997
70	129	0.0119138
70	131	0.0114343
70	137	0.0139151
70	138	0.0114821
70	140	0.0317233
70	142	0.0289135
70	145	0.00354831
70	146	0.00354314
70	147	0.00762092
70	148	0.00416736
74	74	0
74	75	0
74	91	0
74	98	0
74	107	0
74	116	0
74	122	0
74	126	0
74	133	0
74	146	0
74	148	0
75	75	235.736
75	76	5.52263
75	77	0
75	78	0.0194598
75	79	0.017254
75	80	0.0189373
75	82	0.00604774
75	83	0.00686443
75	84	0.0162203
75	85	0
75	86	0.016557
75	94	0
75	98	0.00942103
75	99	0.00882551
75	100	0.00914799
75	102	0.0112244
75	103	0.0108692
75	104	0.00993632
75	107	0.0345015
75	108	0.0163523
75	110	0.0127579
75	112	0.00734413
75	113	0.0163645
75	115	0.028894
75	116	0.0103301
75	117	0.0169381
75	118	0.00368478
75	120	0.00793193
75	121	0.0200913
75	122	0.00606424
75	123	0
75	124	0.00365167
75	125	0.00973519
75	126	0.0136342
75	127	0
75	128	0.011171
75	131	0.0106782
75	132	0
75	135	0.0149353
75	137	0.0129949
75	139	0.024464
75	143	0.0259384
75	144	0.0333196
75	145	0.00662733
75	146	0.0165442
75	147	0.00711696
75	148	0.0116753
76	76	195.917
76	77	0
76	78	0.00577929
76	79	0.0153726
76	80	0.0112482
76	82	0.0107766
76	83	0.0366955
76	84	0.00963441
76	87	0.0220202
76	91	0.0123373
76	98	0.0167875
76	99	0.00786316
76	100	0.016301
76	102	0.0150008
76	103	0.014526
76	104	0.0154925
76	105	0
76	111	0.00887324
76	113	0.0145801
76	115	0.0110329
76	116	0.00460184
76	117	0.00377278
76	118	0.0196979
76	120	0.0106005
76	121	0.00537015
76	122	0.00900497
76	123	0
76	124	0.0113872
76	125	0.0121431
76	126	0.0156182
76	128	0.00995286
76	130	0.0100236
76	131	0.00951381
76	132	0
76	135	0.0266135
76	137	0.0115779
76	139	0.0108982
76	141	0.0469559
76	142	0.0240572
76	143	0.02311
76	145	0.0118093
76	146	0.0147402
76	147	0.00634091
76	148	0.0104022
77	77	0
77	79	0
77	82	0
77	84	0
77	103	0
77	104	0
77	113	0
77	115	0
77	116	0
77	118	0
77	121	0
77	122	0
77	124	0
77	133	0
78	78	174.972
78	79	5.76254
78	80	0.0427527
78	81	0.0611803
78	82	0.00512
78	83	0.00581141
78	85	0
78	86	0.0140171
78	88	0.0166684
78	90	0
78	92	0.0286142
78	95	0.0190475
78	96	0.0159436
78	98	0.00797582
78	102	0.00950259
78	103	0.0115023
78	104	0.00841206
78	105	0
78	107	0.0292089
78	108	0.0276876
78	110	0.0216016
78	111	0.0168629
78	113	0.00692706
78	114	0
78	115	0.00698903
78	116	0.00437272
78	117	0.0143397
78	118	0.00935857
78	120	0.00503636
78	121	0.0102056
78	122	0.0102679
78	123	0
78	124	0.00927449
78	125	0.00989014
78	126	0.00494687
78	127	0
78	130	0.00952457
78	131	0.00904012
78	133	0.0346811
78	134	0.0262784
78	135	0.0126442
78	139	0.0103556
78	144	0.0282083
78	145	0.0112214
78	146	0.0056025
78	147	0.0210882
79	79	257.896
79	80	5.55095
79	81	0.030513
79	82	0.0204284
79	83	0.00772901
79	84	0.0121755
79	85	0
79	88	0.0221685
79	92	0.0380561
79	99	0.0099371
79	102	0.00315955
79	103	0.00305956
79	104	0.00559391
79	105	0
79	106	0.019686
79	108	0.0368238
79	109	0
79	112	0.00826914
79	116	0.0058156
79	117	0.00953573
79	120	0.00893097
79	121	0.0113109
79	122	0.0136561
79	124	0.0143906
79	125	0.0153459
79	126	0.0241237
79	130	0.0126674
79	131	0.0240462
79	135	0.0168165
79	138	0.0120733
79	139	0.0137727
79	145	0.0111931
79	146	0.00372559
79	147	0.0160267
80	80	168.197
80	81	6.45237
80	82	0.00996504
80	83	0.00565536
80	84	0.00445445
80	85	0
80	86	0.0136407
80	91	0.0342247
80	92	0.0278458
80	96	0.0155155
80	97	0.0232665
80	98	0.0155233
80	99	0.00727103
80	101	0
80	102	0.0115593
80	103	0.0111935
80	104	0.00818618
80	105	0
80	106	0.043213
80	108	0.0134721
80	111	0.00820504
80	112	0.0121011
80	113	0.00674106
80	115	0.010202
80	116	0.00425531
80	118	0.0182146
80	120	0.00980226
80	121	0.00496576
80	122	0.0183191
80	123	0
80	124	0.0135382
80	125	0.00641638
80	126	0.0128374
80	131	0.00879738
80	133	0.0168749
80	134	0.0255728
80	137	0.010706
80	138	0.0176683
80	140	0.0122037
80	141	0.02171
80	143	0.0213697
80	144	0.0274509
80	145	0.00819003
80	146	0.00817809
80	147	0.00879512
80	148	0.00961889
81	81	244.321
81	83	0.00809298
81	84	0.0191233
81	86	0.0195202
81	90	0
81	98	0.0111071
81	99	0.010405
81	100	0.0107852
81	102	0.0132333
81	103	0.00320363
81	104	0.00585733
81	105	0
81	107	0.0203382
81	110	0.0150412
81	111	0.0117416
81	112	0.00865854
81	115	0.00973294
81	116	0.00608946
81	117	0.0199695
81	118	0.00434426
81	120	0.0116894
81	121	0.00473742
81	122	0.0142992
81	123	0
81	124	0.00645784
81	125	0.013773
81	126	0.00459268
81	127	0
81	128	0.0131703
81	130	0.0132639
81	134	0.0182977
81	137	0.0153206
81	139	0.0288424
81	145	0.0156269
81	146	0.0156041
81	147	0.0209768
81	148	0.0275298
82	82	162.775
82	83	4.15036
82	84	0.076818
82	85	0
82	87	0.0195081
82	92	0.0266782
82	96	0.0148649
82	99	0.0139323
82	100	0.00722069
82	101	0
82	102	0.00885967
82	103	0.00643447
82	104	0.00588219
82	105	0
82	108	0.0129072
82	111	0.015722
82	112	0.0173906
82	115	0.00977426
82	116	0.0122306
82	117	0.00668478
82	118	0.00581693
82	120	0.00626083
82	121	0.00634338
82	122	0.00478662
82	123	0
82	124	0.0115293
82	125	0.0122947
82	126	0.00614957
82	128	0.00881746
82	129	0.0175638
82	130	0.0177603
82	133	0.0161673
82	135	0.0117887
82	138	0.00846371
82	141	0.0207996
82	143	0.0204737
82	144	0.0262998
82	145	0.0130777
82	146	0.00522345
82	148	0.00307185
83	83	219.25
83	84	4.25785
83	85	0
83	96	0.0168722
83	98	0.0253211
83	99	0.0158137
83	101	0
83	102	0.00502804
83	103	0.00973784
83	104	0.0111275
83	107	0.0154551
83	108	0.0146502
83	112	0.00657967
83	113	0.0146611
83	115	0.00739612
83	116	0.00925483
83	117	0.00758749
83	118	0.0198074
83	120	0.0142126
83	121	0.0144
83	122	0.014488
83	123	0
83	124	0.00817892
83	125	0.0226768
83	126	0.012215
83	128	0.0100082
83	130	0.0100793
83	131	0.0191333
83	134	0.0139045
83	137	0.0232845
83	139	0.0109588
83	144	0.0298513
83	145	0.011875
83	146	0.0148221
83	147	0.0127523
83	148	0.0174334
84	84	136.208
84	85	0
84	86	0.0233673
84	91	0.0195429
84	95	0.0158766
84	99	0.0124557
84	102	0.00198017
84	103	0.00575252
84	104	0.00701169
84	105	0
84	106	0.0123377
84	110	0.00450139
84	113	0.00577391
84	114	0
84	115	0.00873833
84	116	0.0182239
84	117	0.00298815
84	118	0.0182015
84	120	0.00559727
84	121	0.00425331
84	122	0.00570575
84	123	0
84	124	0.00644213
84	125	0.00686976
84	126	0.00824672
84	129	0.00785117
84	130	0.007939
84	131	0.0075352
84	133	0.0144538
84	134	0.0109519
84	135	0.0105393
84	138	0.00756668
84	140	0.0209056
84	143	0.0183038
84	145	0.00467666
84	146	0.0116746
84	147	0.0125554
84	148	0.0109851
85	85	0
85	87	0
85	88	0
85	91	0
85	92	0
85	99	0
85	100	0
85	102	0
85	103	0
85	104	0
85	105	0
85	107	0
85	110	0
85	111	0
85	112	0
85	115	0
85	116	0
85	117	0
85	118	0
85	120	0
85	121	0
85	122	0
85	123	0
85	124	0
85	125	0
85	126	0
85	128	0
85	129	0
85	133	0
85	139	0
85	140	0
85	145	0
85	146	0
85	147	0
85	148	0
86	86	326.621
86	87	9.39975
86	88	0.255275
86	91	0.0299228
86	96	0.0406958
86	102	0.0121276
86	103	0.00587191
86	104	0.0161038
86	111	0.0215211
86	116	0.0111613
86	117	0.00915049
86	118	0.0238876
86	120	0.0128552
86	121	0.00434159
86	122	0.0131044
86	125	0.00420741
86	126	0.00420894
86	130	0.0243113
86	135	0.0322742
86	146	0.00715015
86	147	0.00768962
87	87	725.324
87	88	12.8924
87	92	0.109025
87	99	0.0284684
87	103	0.0175304
87	104	0.0160257
87	106	0.0563974
87	108	0.0527474
87	110	0.041153
87	115	0.0133147
87	116	0.0166609
87	117	0.0136593
87	118	0.011886
87	120	0.012793
87	121	0.0129617
87	122	0.0130409
87	123	0
87	124	0.00588958
87	126	0.00628283
87	128	0.0360341
87	139	0.0394567
87	145	0.0213777
87	146	0.0106733
87	147	0.0114785
88	88	410.26
88	97	0.072569
88	100	0.0235072
88	102	0.00721075
88	103	0.00698256
88	110	0.0163917
88	115	0.0212137
88	117	0.0108813
88	118	0.00946863
88	120	0.00509559
88	121	0.0206511
88	122	0.00519435
88	123	0
88	124	0.00938356
88	125	0.00500322
88	126	0.0200202
88	131	0.0274393
88	135	0.0383787
88	138	0.0275539
88	145	0.01703
90	90	0
90	91	0
90	92	0
90	98	0
90	102	0
90	103	0
90	104	0
90	116	0
90	118	0
90	120	0
90	124	0
90	125	0
90	126	0
90	139	0
90	147	0
91	91	376.985
91	92	23.1508
91	99	0.01595
91	100	0.0165328
91	102	0.0202855
91	103	0.0049109
91	104	0.0134682
91	106	0.0631958
91	107	0.0623534
91	114	0
91	116	0.00933462
91	117	0.0076529
91	118	0.00665937
91	120	0.0143351
91	121	0.00726207
91	122	0.00365323
91	125	0.00703763
91	126	0.00352009
91	128	0.0201889
91	129	0.0201075
91	137	0.0234852
91	139	0.044213
91	145	0.00598867
91	146	0.0119599
91	147	0.00643111
91	148	0.00703347
92	92	1235.71
92	96	0.0830754
92	102	0.0123785
92	104	0.0109579
92	105	0
92	106	0.0771259
92	108	0.0721344
92	109	0
92	110	0.0281393
92	116	0.0227845
92	118	0.0162546
92	122	0.017834
92	123	0
92	124	0.00805426
92	126	0.0171841
92	147	0.0156974
92	148	0.0171677
94	94	0
94	95	0
94	103	0
94	105	0
94	110	0
94	112	0
94	117	0
94	124	0
94	126	0
95	95	796.895
95	96	12.9956
95	99	0.0259156
95	101	0
95	102	0.0164799
95	104	0.021883
95	105	0
95	108	0.0480174
95	115	0.0121208
95	117	0.0124344
95	118	0.0216402
95	120	0.0058229
95	121	0.0235987
95	124	0.0107229
95	126	0.00571943
95	128	0.0328028
95	134	0.0455735
95	139	0.0359185
95	146	0.00971617
95	147	0.0313477
95	148	0.0114279
96	96	560.837
96	97	15.9651
96	99	0.0216924
96	100	0.0224851
96	102	0.0137944
96	103	0.00667894
96	104	0.018317
96	105	0
96	106	0.0429739
96	110	0.015679
96	111	0.024479
96	113	0.0201113
96	115	0.0101456
96	116	0.0126953
96	118	0.00905691
96	120	0.0194961
96	121	0.0197532
96	122	0.00496848
96	124	0.00897554
96	125	0.00957134
96	126	0.00478741
96	141	0.0647696
96	145	0.00814473
96	147	0.00874647
96	148	0.00956568
97	97	743.413
97	104	0.00915588
97	117	0.0156077
97	118	0.0135815
97	120	0.0219268
97	121	0.00740531
97	122	0.0149012
97	123	0
97	125	0.0143529
97	126	0.00717905
97	146	0.0121958
97	147	0.0262319
98	98	291.162
98	99	5.24137
98	100	0.0337446
98	101	0
98	102	0.00345035
98	103	0.00334116
98	105	0
98	112	0.00903022
98	113	0.040243
98	116	0.0190526
98	117	0.00520669
98	118	0.00906148
98	120	0.00975296
98	121	0.00988157
98	122	0.014913
98	123	0
98	124	0.00224502
98	125	0.00478809
98	126	0.00478983
98	128	0.0137356
98	130	0.0138333
98	133	0.0251851
98	137	0.0159783
98	139	0.0150403
98	142	0.0332005
98	145	0.0162977
98	146	0.00813697
98	147	0.00437544
99	99	251.836
99	100	5.93244
99	101	0
99	102	0.00323225
99	103	0.00938987
99	104	0.00286131
99	105	0
99	110	0.0293906
99	111	0.0229432
99	112	0.00845941
99	113	0.00942479
99	115	0.0095091
99	116	0.00594941
99	117	0.0195103
99	118	0.012733
99	120	0.00913647
99	121	0.00694271
99	122	0.00931354
99	123	0
99	124	0.018928
99	125	0.0134563
99	126	0.0157047
99	128	0.0128674
99	130	0.0259178
99	132	0
99	133	0.0235931
99	135	0.0172034
99	139	0.0140896
99	142	0.0311019
99	145	0.00381687
99	146	0.00381131
99	147	0.00409887
99	148	0.00896555
100	100	268.676
100	101	0
100	102	0.010051
100	103	0.00648865
100	104	0.0118634
100	105	0
100	106	0.0208748
100	108	0.0195238
100	110	0.00761613
100	111	0.0237816
100	112	0.00876851
100	114	0
100	115	0.00985656
100	118	0.00439943
100	120	0.0118379
100	121	0.00719639
100	122	0.00965385
100	123	0
100	124	0.00435991
100	125	0.00232466
100	126	0.0116275
100	128	0.0133375
100	129	0.0132838
100	130	0.0134324
100	135	0.017832
100	137	0.0155152
100	138	0.0128025
100	139	0.0146044
100	144	0.0397819
100	145	0.00395634
100	146	0.00790115
100	147	0.00849728
100	148	0.00929315
101	101	0
101	102	0
101	103	0
101	104	0
101	105	0
101	107	0
101	110	0
101	112	0
101	116	0
101	118	0
101	121	0
101	122	0
101	124	0
101	125	0
101	131	0
101	146	0
102	102	82.8938
102	103	1.42311
102	104	0.0291125
102	105	0
102	106	0.0128065
102	107	0.0063179
102	109	0
102	110	0.00934487
102	111	0.0182372
102	112	0.0134485
102	113	0.00599331
102	115	0.016629
102	116	0.00945821
102	117	0.0186101
102	118	0.00944656
102	119	0
102	120	0.00871494
102	121	0.00882986
102	122	0.00592256
102	123	0
102	124	0.0127052
102	125	0.0114093
102	126	0.0135535
102	128	0.00409124
102	129	0.0081495
102	130	0.0206017
102	131	0.00782153
102	133	0.0225046
102	137	0.00475924
102	138	0.0117813
102	139	0.0134395
102	140	0.01085
102	143	0.00949964
102	145	0.00849514
102	146	0.00605911
102	147	0.010426
102	148	0.00570128
103	103	75.2151
103	104	1.54259
103	105	0
103	106	0.00620062
103	107	0.0244718
103	108	0.0115986
103	109	0
103	110	0.00226229
103	111	0.0141281
103	112	0.00260459
103	113	0.0232146
103	115	0.0117111
103	116	0.00732712
103	117	0.0045053
103	118	0.00914762
103	120	0.00421957
103	121	0.00926297
103	122	0.0093196
103	123	0
103	124	0.0084179
103	125	0.0096672
103	126	0.00759842
103	127	0
103	128	0.00792354
103	129	0.0039458
103	130	0.0119698
103	131	0.015148
103	133	0.00726414
103	134	0.0110083
103	135	0.0052968
103	136	0
103	137	0.00460863
103	138	0.0152113
103	139	0.0130142
103	142	0.0383041
103	143	0.00919902
103	145	0.0141022
103	146	0.0105613
103	147	0.0138821
103	148	0.00690107
104	104	66.0968
104	105	0
104	106	0.00566841
104	107	0.0167785
104	108	0.0159047
104	110	0.00413622
104	111	0.00322886
104	112	0.00952413
104	113	0.00530551
104	115	0.00535297
104	116	0.00502367
104	117	0.00411861
104	118	0.00597319
104	119	0
104	120	0.0102864
104	121	0.00846792
104	122	0.00983041
104	123	0
104	124	0.0106551
104	125	0.0094687
104	126	0.0107351
104	127	0
104	128	0.00362173
104	129	0.00721426
104	130	0.0109424
104	132	0
104	133	0.0132813
104	134	0.0150952
104	135	0.00484217
104	137	0.00421306
104	138	0.00347643
104	139	0.00396573
104	140	0.00480242
104	141	0.02563
104	142	0.0175082
104	143	0.00840946
104	145	0.00644592
104	146	0.0118003
104	147	0.00692214
104	148	0.00883224
105	105	0
105	106	0
105	109	0
105	110	0
105	111	0
105	112	0
105	113	0
105	115	0
105	116	0
105	117	0
105	118	0
105	120	0
105	121	0
105	122	0
105	123	0
105	124	0
105	125	0
105	126	0
105	131	0
105	133	0
105	134	0
105	135	0
105	137	0
105	138	0
105	140	0
105	144	0
105	145	0
105	146	0
105	147	0
105	148	0
106	106	477.479
106	107	9.95921
106	115	0.0282571
106	116	0.0235722
106	117	0.00966274
106	118	0.00840829
106	120	0.0135749
106	121	0.00458463
106	122	0.00922532
106	124	0.0166655
106	125	0.00888588
106	126	0.00444456
106	127	0
106	128	0.025491
106	130	0.0256723
106	137	0.029653
106	139	0.0279122
106	145	0.0226843
106	146	0.00755042
106	147	0.00812008
106	148	0.00888063
107	107	447.045
107	108	8.83603
107	109	0
107	112	0.0165352
107	115	0.00929346
107	118	0.0082962
107	120	0.00892928
107	121	0.0180941
107	122	0.00910234
107	124	0.0123325
107	125	0.00438371
107	129	0.0250498
107	136	0
107	145	0.0298426
107	146	0.00744976
107	147	0.00801184
108	108	405.844
108	109	0
108	112	0.0156739
108	117	0.00903737
108	119	0
108	120	0.0169284
108	121	0.00857583
108	122	0.0172565
108	124	0.0155869
108	125	0.00415539
108	126	0.0166276
108	128	0.0238412
108	132	0
108	134	0.066246
108	137	0.0277339
108	143	0.0553581
108	145	0.0141441
108	146	0.00706176
109	109	0
109	110	0
109	116	0
109	118	0
109	121	0
109	122	0
109	124	0
109	125	0
109	130	0
109	137	0
110	110	134.734
110	111	4.25354
110	112	0.036686
110	113	0.0681209
110	116	0.0215007
110	117	0.0105763
110	118	0.00920325
110	119	0
110	120	0.00330185
110	121	0.00836347
110	122	0.0117804
110	124	0.0136808
110	125	0.004863
110	126	0.00648636
110	128	0.00930035
110	135	0.0248687
110	138	0.0357089
110	145	0.00827634
110	146	0.0137738
110	147	0.014813
110	148	0.00324008
111	111	338.479
111	112	6.1954
111	113	0.0319064
111	115	0.0160959
111	117	0.0165124
111	119	0
111	120	0.00773258
111	121	0.0130576
111	122	0.00262748
111	123	0
111	124	0.0071198
111	125	0.00506161
111	126	0.0101269
111	129	0.0289235
111	131	0.0138797
111	134	0.0201733
111	139	0.0158995
111	141	0.0342521
111	142	0.0350971
111	143	0.0337153
111	145	0.0129215
111	146	0.0215045
111	147	0.00925079
111	148	0.0101172
112	112	179.38
112	113	4.68216
112	114	0
112	115	0.00395649
112	116	0.00495079
112	117	0.00405886
112	118	0.0141277
112	119	0
112	120	0.00380145
112	121	0.00385157
112	122	0.0135629
112	123	0
112	124	0.0140008
112	125	0.0167964
112	126	0.00933474
112	131	0.0102352
112	132	0
112	134	0.0148762
112	135	0.0143158
112	137	0.0124558
112	138	0.010278
112	139	0.0234492
112	142	0.0517627
112	144	0.0638748
112	145	0.0127048
112	146	0.0158579
112	147	0.00682173
112	148	0.00746067
113	113	235.092
113	114	0
113	115	0.004408
113	117	0.00904411
113	118	0.00393499
113	120	0.00847053
113	121	0.00858223
113	122	0.00647602
113	123	0
113	124	0.00584945
113	125	0.00831699
113	126	0.01248
113	128	0.0119295
113	135	0.0159495
113	137	0.0138773
113	139	0.0130626
113	140	0.0158186
113	145	0.021232
113	146	0.014134
113	147	0.00380011
113	148	0.00415604
114	114	0
114	123	0
114	126	0
114	134	0
114	138	0
114	139	0
115	115	106.838
115	116	0.0333907
115	117	0.0228125
115	118	0.0258062
115	119	0
115	120	0.00427315
115	121	0.0129885
115	122	0.00762294
115	123	0
115	124	0.00885266
115	125	0.00839139
115	126	0.0104931
115	128	0.0120362
115	129	0.0179816
115	130	0.0121218
115	131	0.0115053
115	132	0
115	133	0.0441383
115	134	0.00836106
115	135	0.0241382
115	137	0.0140014
115	139	0.0131795
115	140	0.00798003
115	141	0.0141962
115	145	0.00892581
115	146	0.0089128
115	147	0.0038341
115	148	0.0146763
116	116	131.394
116	117	3.62243
116	118	0.00993587
116	119	0
116	120	0.00802055
116	121	0.0108351
116	122	0.00545067
116	123	0
116	124	0.00738495
116	125	0.00918769
116	126	0.00525202
116	128	0.015061
116	129	0.0150003
116	130	0.0151681
116	131	0.0143966
116	134	0.0418491
116	136	0
116	140	0.019971
116	145	0.0156365
116	146	0.00446107
116	148	0.00524701
117	117	117.166
117	118	2.26861
117	119	0
117	120	0.00438372
117	121	0.0155453
117	122	0.00782019
117	123	0
117	124	0.0181634
117	125	0.00968457
117	126	0.011841
117	128	0.0123477
117	129	0.0122979
117	130	0.0186532
117	131	0.011803
117	132	0
117	133	0.0226402
117	134	0.0085774
117	135	0.0247628
117	137	0.00718186
117	138	0.0118523
117	139	0.00676023
117	140	0.00818652
117	143	0.0143353
117	145	0.00732541
117	146	0.00731473
117	147	0.0137666
117	148	0.0172069
118	118	94.7246
118	119	0
118	120	0.00762922
118	121	0.00289868
118	122	0.0116656
118	124	0.00878078
118	125	0.00655456
118	126	0.00562024
118	128	0.00537232
118	129	0.00535066
118	130	0.010821
118	133	0.00985047
118	138	0.00515679
118	139	0.00588259
118	141	0.0253457
118	142	0.0389565
118	143	0.0249485
118	145	0.0095616
118	146	0.00954766
118	147	0.00684534
118	148	0.00374325
119	119	0
119	120	0
119	122	0
119	123	0
119	124	0
119	126	0
119	128	0
119	137	0
119	145	0
120	120	48.0962
120	121	1.20167
120	122	0.0188337
120	123	0
120	124	0.00803321
120	125	0.00907037
120	126	0.00806549
120	127	0
120	128	0.0115646
120	129	0.0143974
120	130	0.0145585
120	131	0.00552721
120	132	0
120	133	0.00530108
120	134	0.00803341
120	135	0.0115962
120	139	0.0063315
120	140	0.011501
120	141	0.00681995
120	142	0.0139764
120	144	0.0172468
120	145	0.00857604
120	146	0.00256906
120	147	0.00460482
120	148	0.0110795
121	121	48.7914
121	122	0.961525
121	123	0
121	124	0.00766037
121	125	0.00612665
121	126	0.00970407
121	127	0
121	128	0.0117171
121	129	0.00583491
121	130	0.00590019
121	131	0.00280004
121	132	0
121	134	0.0162787
121	135	0.00391636
121	136	0
121	137	0.0170377
121	138	0.00843523
121	139	0.00320749
121	140	0.00388421
121	141	0.0138198
121	142	0.0212411
121	143	0.0204048
121	145	0.00434456
121	146	0.00780881
121	147	0.0149297
121	148	0.00714354
122	122	47.5025
122	123	0
122	124	0.0101157
122	125	0.00975984
122	126	0.0138743
122	127	0
122	128	0.0147359
122	129	0.00587059
122	130	0.00890439
122	131	0.00845149
122	132	0
122	133	0.0162115
122	135	0.00788061
122	137	0.00685674
122	138	0.00565787
122	139	0.00968131
122	140	0.00390796
122	141	0.0139043
122	142	0.0427418
122	144	0.0263716
122	145	0.00611957
122	146	0.00785655
122	147	0.00844932
122	148	0.0154012
123	123	0
123	124	0
123	125	0
123	126	0
123	127	0
123	128	0
123	129	0
123	130	0
123	131	0
123	134	0
123	138	0
123	145	0
123	146	0
123	147	0
123	148	0
124	124	46.2357
124	125	1.18871
124	126	0.0171734
124	128	0.00798608
124	129	0.00530259
124	130	0.00804287
124	131	0.012723
124	132	0
124	133	0.0292859
124	134	0.00739679
124	135	0.00355907
124	137	0.00309667
124	138	0.00766568
124	139	0.00874462
124	140	0.0141194
124	142	0.0128688
124	143	0.00618108
124	144	0.00794002
124	145	0.0102653
124	146	0.0102504
124	147	0.00763182
124	148	0.00741924
125	125	53.0706
125	126	0.876071
125	127	0
125	128	0.0198711
125	129	0.00565458
125	130	0.00857676
125	131	0.00542701
125	132	0
125	133	0.0312299
125	134	0.00788779
125	135	0.00759065
125	136	0
125	137	0.0198134
125	138	0.00544969
125	139	0.00621673
125	140	0.00752834
125	141	0.00669633
125	142	0.0137231
125	144	0.00846708
125	145	0.0117888
125	146	0.00588581
125	147	0.00452135
125	148	0.00988966
126	126	51.962
126	127	0
126	128	0.0085193
126	129	0.00565664
126	130	0.00857988
126	131	0.0271449
126	132	0
126	133	0.00520688
126	134	0.00394533
126	135	0.0037967
126	136	0
126	137	0.00660686
126	138	0.00545167
126	139	0.00932848
126	140	0.00376554
126	145	0.0117931
126	146	0.0092525
126	147	0.0108552
126	148	0.0039573
127	127	0
128	128	332.124
128	129	5.06106
128	130	0.0164028
128	131	0.0467056
128	136	0
128	137	0.0189463
128	138	0.0156336
128	144	0.0485792
128	145	0.00966248
128	146	0.0192968
128	148	0.00567411
129	129	322.408
129	130	6.74706
129	131	0.0930346
129	133	0.0297428
129	137	0.0188699
129	138	0.0155706
129	142	0.0392088
129	143	0.0376651
129	145	0.00481177
129	146	0.00480475
129	147	0.0103345
129	148	0.022605
130	130	320.247
130	131	8.48247
130	132	0
130	135	0.0219302
130	137	0.019081
130	139	0.0359216
130	140	0.0217502
130	145	0.0097312
130	146	0.0048585
130	147	0.00522507
130	148	0.0171434
131	131	303.409
131	132	0
131	134	0.0216296
131	140	0.0206439
131	141	0.0367248
131	145	0.00923624
131	146	0.00922277
131	147	0.00495931
131	148	0.0108476
132	132	0
132	142	0
132	144	0
132	146	0
132	147	0
133	133	747.036
133	134	12.9447
133	135	0.119779
133	136	0
133	139	0.0326997
133	140	0.0395987
133	145	0.00885837
133	147	0.0190257
133	148	0.0104038
134	134	452.066
134	135	10.7398
134	140	0.0300045
134	146	0.0134047
134	147	0.00720801
135	135	374.337
135	136	0
135	140	0.0288742
135	142	0.0526334
135	143	0.0505612
135	145	0.0129185
136	136	0
136	145	0
136	146	0
136	148	0
137	137	353.914
137	138	7.60181
137	139	0.0622375
137	140	0.0502456
137	144	0.0565109
137	146	0.0224475
137	147	0.0181058
137	148	0.00660055
138	138	250.516
138	139	7.51502
138	140	0.124381
138	141	0.0368783
138	144	0.0466302
138	145	0.00463741
138	146	0.00463065
138	147	0.00498003
139	139	335.645
139	140	8.93891
139	145	0.0158704
139	146	0.00528241
139	147	0.00568096
140	140	315.267
140	141	0.0509446
140	142	0.0522014
140	145	0.0192187
140	146	0.0063969
140	148	0.00752389
141	141	711.707
141	142	17.3657
141	143	0.0892084
141	144	0.114594
141	145	0.0113965
141	147	0.0122385
141	148	0.0267695
142	142	750.491
142	143	15.7224
142	146	0.0349818
142	148	0.013715
143	143	706.258
143	144	16.0173
143	145	0.0112179
143	147	0.0240933
143	148	0.013175
144	144	891.551
144	145	0.0144101
144	146	0.0143891
144	147	0.0309495
144	148	0.0338483
145	145	88.1528
145	146	2.30965
145	147	0.0215457
145	148	0.0185143
146	146	89.1248
146	147	2.06691
146	148	0.0285714
147	147	98.3938
147	148	2.7347
148	148	109.867
